500
-0.518864 10.8425 0.151096
-0.4564294199730855 10.860854286378455 0.2783261815093643
-0.4880984526631616 10.85252249893285 0.22060380709112667
-0.4715989116751071 10.860519698386055 0.27614512464722535
-0.5233669665741676 10.860329992816478 0.2753339058956843
-0.5072716763599071 10.858977632085459 0.26575551945443
-0.4637031180363782 10.878160450790082 0.39894270328703557
-0.45859302260927853 10.873168320750008 0.3641200224342448
-0.48456231697173036 10.86081722979563 0.2783453094822172
-0.47804002248518346 10.864315892719379 0.3026507183427205
-0.377497741703981 10.87850253895932 0.40047596054051626
-0.3546385080106431 10.887632681877335 0.4638460409264977
-0.37599026003061187 10.883639109786973 0.43623951866169924
-0.28539431488576056 10.902132774943817 0.5641630095322614
-0.15808544603226174 10.91639398053075 0.6622438112044813
-0.26114280412615976 10.90524453160001 0.585598733503919
-0.25804596210836356 10.903388109510281 0.5726374405673621
-0.09725178922345819 10.91231603973015 0.6332397073394839
-0.07477060006683507 10.920447831880251 0.6896595729245133
-0.03242836103745991 10.917275692048763 0.667146988916141
0.040720382238343206 10.924904849424097 0.7195664716403404
0.007514698543234402 10.924167137691047 0.7147552277414386
0.0687311104101445 10.921072341403455 0.6925953741834584
0.04002253160464278 10.91844633949398 0.6745870632326615
0.1150742976448628 10.9129483424846 0.6355515441206807
0.16174134475745963 10.916846532777733 0.6622442152078489
0.16044208555117165 10.922052295457 0.6985173839419117
0.1169022079080757 10.926445386976518 0.7295462213993575
0.24963295099959573 10.91316314259714 0.6357216756767824
0.18900627639844775 10.918524211500952 0.6736612761305363
0.28845433639247015 10.901909041317737 0.5569494687047308
0.2637321055351642 10.91302200079811 0.634599618870113
0.2768275546681369 10.907229655999618 0.594124406036824
0.28406829724990573 10.91043415486507 0.6163737562118297
0.3349382519645817 10.904302333434817 0.5731616846975921
0.30429496961365876 10.90832700769031 0.6014972454049983
0.35174242738578143 10.896903450451113 0.5214596972873089
0.34284427965060804 10.897353402724558 0.5246814965320156
0.35658749138252144 10.894024174380485 0.5013565603404189
0.41076515679685455 10.884530875528238 0.4346977633576376
0.4254305624676114 10.885207548598554 0.43926655682801224
0.4003235720021261 10.891139532789794 0.48083278863946594
-0.42059522594021564 10.885543951531623 0.4499471277888493
-0.4193421593243287 10.881994738967325 0.42521299473666946
-0.4368355161079593 10.872444788791801 0.3588658977214586
-0.32992381953204086 10.896686910486379 0.5266690606028098
-0.4249646188584363 10.886462520634923 0.45638841400726554
-0.32627366939389213 10.900328451243633 0.5519979790091615
-0.22465773700638325 10.912003899295549 0.6323210705915128
-0.21697890540446785 10.92052505238494 0.691598875416102
-0.21014993903204726 10.92224201211895 0.7034909369094187
-0.16976512901152385 10.922146929241938 0.702430661395522
-0.1130234820603558 10.92794199895975 0.7422366266806375
-0.17893522198133724 10.925607960460333 0.7266285940263095
-0.04749487764551793 10.92866658032484 0.7466378773416348
-0.059924469246618414 10.931697324977854 0.7678708014797416
0.01824731737793049 10.935228268381952 0.7916949691958471
0.07877349744605683 10.932408824321215 0.771459863802128
0.09387702416321474 10.93550462140162 0.7928745736800902
0.11817151084366238 10.933181057089353 0.7764505375643675
0.13910126152110716 10.932704940077885 0.7729279211703509
0.2179451051772936 10.925510764579904 0.7220404229997619
0.26393009740045525 10.920497963625532 0.6866709481104603
0.25420491083334834 10.921816213795651 0.6959489640589119
0.3396697199697458 10.91671196968624 0.6595534843661749
0.3545595447198294 10.9093473269855 0.6081088606449638
0.26197907868122394 10.916415875176162 0.6582566819665513
0.2883477357165049 10.914146796399475 0.6421917204732708
0.36823155316200196 10.905761785563461 0.5829992958684267
0.40343706554766623 10.903024308359871 0.5635846537993505
0.4670658206092725 10.894312752980579 0.5022778964355034
0.44309521568846466 10.900765422380857 0.5474597247470615
-0.5118449120963473 10.87707744551353 0.3918735338642398
-0.5127760910309838 10.872901790152653 0.36279748386442034
-0.5179192744383163 10.885046744094687 0.447442970291911
-0.5159918119293134 10.878208774487407 0.39979459101517323
-0.4999293599595161 10.894745914475369 0.514824556437662
-0.5151652841208012 10.893730609429182 0.507902668661543
-0.5144420629091654 10.894901489262274 0.5160512206015331
-0.4886383790744507 10.913745383158982 0.647052716668849
-0.5081495605208394 10.910159589098427 0.6222684045085737
-0.5159347836146173 10.9146147209318 0.6533770257848188
-0.48330148605380735 10.929454614846083 0.7564216442782623
-0.48930558076885766 10.920678581208714 0.695351983232824
-0.4647243198273221 10.928089889731718 0.7467326763248122
-0.44770825796158115 10.937066588076048 0.8090915326414112
-0.43826765844310855 10.943610928566521 0.8545826299462951
-0.4187228831839486 10.941077010697663 0.8367401985520694
-0.3865425203134313 10.953486488093091 0.9228603894666657
-0.39954613078934587 10.947097552096842 0.878486863584452
-0.4918283470557562 10.876110409611362 0.3849404565343626
-0.47796709144981603 10.892054426506036 0.49586075804783936
-0.4478957503666902 10.891950366288212 0.49483958826806945
-0.4652863676898875 10.883207121164737 0.434110524694045
-0.4588256370885198 10.884015832104927 0.4396798735317481
-0.4358522593487093 10.886196926930573 0.4546457352738529
-0.4278286337775492 10.896018172521037 0.5229758428764034
-0.4559770735390336 10.89611708565992 0.5239422113188407
-0.43842982823219506 10.906064126272478 0.5930546821028888
-0.439506317669111 10.90674410708668 0.5978016480133546
-0.44902480423845065 10.90692418896097 0.5991497977278836
-0.47006154431569197 10.902431112062326 0.5680609063453401
-0.37912141840956637 10.902793607561334 0.569689649566163
-0.42069108877868755 10.908884878134783 0.6125276149448341
-0.42444258417241565 10.898410345293039 0.5396049812504434
-0.3441669048651444 10.912048927675531 0.6338124466201525
-0.35333077638075044 10.912553433172082 0.6374168510535421
-0.2853556956137478 10.916849111548606 0.6666682112006256
-0.28937649106575875 10.916418152337675 0.6637060198408298
-0.465782248929601 10.918655948420573 0.6810316635105326
-0.46530349126396353 10.916765955681605 0.6678623372268958
-0.4790582428089166 10.912685664897811 0.6395769155397655
-0.4765332787768593 10.908174916829726 0.6081327419752938
-0.4162936550400755 10.921764266070701 0.7021947279516683
-0.40834436443249833 10.919122691640863 0.6837166932500971
-0.3453240107383486 10.91900758995636 0.6822939103388308
-0.34654890493250773 10.922528124847565 0.7068280134929912
-0.3070972267674912 10.920728791317915 0.693906098645858
-0.233439820244069 10.923707839331424 0.7139305669146341
-0.2601570129388062 10.930323187173647 0.7602725871535488
-0.2559464984833271 10.930339140077358 0.7603422123480799
-0.11318416192121776 10.932790615671678 0.7760109004874614
-0.2131681501736618 10.930461461958044 0.760772666265196
-0.4296852360486347 10.926994928587975 0.7387605016348855
-0.4654885252448703 10.919571675986187 0.6874072033108845
-0.4285654758320831 10.92982568630616 0.7584669055864202
-0.3612996511411994 10.9322300204336 0.7745512331931116
-0.38678957359643706 10.934881594796817 0.793271780416244
-0.40947247069719894 10.930310992625513 0.7616591148143466
-0.37305084907050895 10.928069918557089 0.7456901485515691
-0.3081609166406794 10.934650017334778 0.7908838777962033
-0.3095841289354598 10.930804749733916 0.7641139688034175
-0.24523857185954903 10.934725045645767 0.7907863975231861
-0.27625332427316707 10.940483667245829 0.8312033042696999
-0.2353438625375804 10.941725818718242 0.8394522679474359
-0.18994822255923036 10.942303263418301 0.8430270542899315
-0.21728254010895365 10.93401877385681 0.785591412300836
-0.1011124357609906 10.94286118962944 0.8460377938101227
-0.19051264451929348 10.946290019224275 0.8708020768379627
-0.013436905592536436 10.942868121512507 0.8452220560892854
-0.023914214898396197 10.939411847747134 0.8212508815765039
-0.05133303752419493 10.942266605965475 0.8414057001493683
-0.003908038331244942 10.93890981876026 0.8175568787854707
0.0626540696991469 10.946815968652535 0.8719706426334867
-0.05971151917591259 10.94745733962446 0.8776439493593046
0.015065998371295122 10.947405660447373 0.8765470673329133
-0.36278294036004777 10.960335720942044 0.9703340824192018
-0.2781887326953909 10.965685110880555 1.0067612170307372
-0.31756559683366603 10.959504827594232 0.9641009486340469
-0.18975783548614444 10.968035635660021 1.0222621628044553
-0.22078500541392393 10.96716467847663 1.0165013385930843
-0.14593186120584975 10.971031261102056 1.0426960815437167
-0.1501265146112789 10.973447561836851 1.0595679875081345
-0.08045749420940541 10.97082573685597 1.040619283084442
-0.06518972046201348 10.974236973347164 1.06422954483468
0.0019399085590791857 10.976312265197235 1.0780232943426642
-0.019016502548310204 10.976864099000219 1.082073573324421
0.024270773785213917 10.977623762866223 1.086938371554118
0.059972210899585474 10.97966770041438 1.1008234422001442
-0.399889172371412 10.943445240345747 0.8530503298375575
-0.24273613318281603 10.958152858731438 0.9539464805763844
-0.26335417646266174 10.956578768657025 0.9431854554376106
-0.3154694107576393 10.946026072654664 0.870194994889244
-0.2895522177784638 10.94479222607902 0.861345317769497
-0.33188991625778297 10.944858258250177 0.8622224879308233
-0.31555234007810257 10.952125903323823 0.912683743147502
-0.37809321766752785 10.948681936664945 0.8893113668358654
-0.3458606024042829 10.951535999057036 0.9088734881143644
-0.34347495262784217 10.94549290133141 0.8667572163304488
-0.20867393797174066 10.95393573231997 0.9242367156798924
-0.17924008832644808 10.957914770205743 0.9516623538625368
-0.1659083806601246 10.962889479398997 0.9861819515301185
-0.1376972343027302 10.949797946772462 0.8947158102562128
-0.18798321717088842 10.951596902141379 0.907741860517847
-0.19010913150842942 10.952463589288346 0.9137996577661489
-0.16600032675385004 10.950372228425488 0.8989948478968353
-0.0582983171837039 10.959771719296874 0.9634049469035111
-0.04324979823139232 10.962671430142949 0.9834543743332987
-0.0510078821712713 10.963397780879644 0.9885901721038285
0.020513514382382327 10.948585450104504 0.8847111232218002
-0.07985592118267067 10.950414800718743 0.8984424497496187
-0.009040055950762122 10.95737946471626 0.9462564416817064
-0.11881790409587058 10.969439022669496 1.0313382579456083
-0.08282431214923396 10.959348799256832 0.9607008256164177
-0.08033705067500951 10.968399136461967 1.0237157859438566
0.043776195246394554 10.968962465890499 1.026416510314459
0.05586923942132222 10.958942688995824 0.9565053022776102
0.016747680245790268 10.968748983330002 1.0251958724331531
0.11843930696677753 10.942843031836386 0.8437476874160358
0.1548643376743815 10.934639625130098 0.786248489177539
0.16322658826274217 10.938471443553615 0.8128563363419098
0.17771634213810042 10.936031789497155 0.7957203087602653
0.20748650682652256 10.938458365358745 0.8123290702704796
0.2561128468725025 10.939869933416684 0.8216820449887239
0.2615272642016313 10.941336238362847 0.8318421286583767
0.08323850457089448 10.95755370452362 0.9465607134958355
0.07263936157826391 10.96255532632759 0.9815036017890715
0.15614890832780856 10.969212454367312 1.0270503809893576
0.08719289109126353 10.958986806607015 0.9565039132695698
0.14349862902179358 10.961598805939255 0.9741427269149652
0.13119593613731387 10.953363861244508 0.9169040530811781
0.19128970613249324 10.95890558017178 0.9549122873237039
0.14266585026206918 10.947008813660489 0.8725253937965567
0.10764083956339116 10.94948233294817 0.8900996772208603
0.16703478942697017 10.971364579751924 1.0419335775481475
0.08849728518498039 10.972969620227182 1.0538873395354198
0.1370034739286163 10.97620119372997 1.0759186151035285
0.20198752958368513 10.954069089642106 0.9211186365510432
0.21007894641229544 10.95136085457486 0.9021748813630561
0.21705670970773838 10.96322773451045 0.9847640143218208
0.2709952021444622 10.960204357388054 0.9631733479577117
0.28652842951592117 10.952734712889017 0.9109910011982166
0.28531522048242064 10.958525438591845 0.9513378397203126
0.27569224403683346 10.951890917305446 0.9052203918600195
0.21314945920166947 10.972268198955675 1.0477732230283459
0.2645479312182104 10.966491169734336 1.0070272226703272
0.2696516348310761 10.973350446256076 1.0547547232742287
0.29943300372857345 10.965603323411434 1.0004992090855427
0.37936142736999584 10.953330699282084 0.9142274546201166
0.38580893886981027 10.956418954420595 0.9356749345923562
0.3917835177680201 10.953082550126963 0.9123765728484189
0.4006455893733136 10.95178640710167 0.903261048414597
0.44778938878863234 10.942059671942776 0.8350455847147388
0.42991670227865547 10.9537014991416 0.9163120242546712
0.45838385344058646 10.939592528712543 0.8177564704118696
0.4719999832914446 10.931359897863944 0.7602784897453683
0.5049494328972982 10.933852752050695 0.7773175770660482
0.5034826983494983 10.935492362275786 0.7887526182647374
0.5035184110990999 10.917452839127398 0.6630992676511034
0.49832926472423617 10.926585660119832 0.7267644120079112
0.5154240239647816 10.917303490635849 0.6619416645443553
0.5360215714426482 10.904364188292844 0.5716109025265368
0.5315592328390382 10.899006068962189 0.5343332836751552
0.5222521275347789 10.909155392694593 0.6051193861186684
0.5460854169859306 10.884232933326135 0.43128891981406897
0.5256656218009893 10.886368167582406 0.4463629723423064
0.5139602672360474 10.894025585632157 0.4998155194740616
0.5329066590296114 10.855111213923465 0.22857355513517225
0.5449631587714995 10.85208735408709 0.20739226342176872
0.5257947509484948 10.874743267258676 0.3653892942194645
0.5230730401283138 10.878913766281283 0.3944654264661647
0.5447215579952973 10.874733691566952 0.36513607629955247
0.5222662786695792 10.858405161852975 0.2516221704846549
0.5254847731701751 10.856242027564148 0.23652329696912316
0.485601517364097 10.871893471490298 0.34593534177904267
0.49364210527095737 10.863568997495713 0.2878725799210807
0.47541298837347606 10.876140132467945 0.3756155583321844
0.4992681350136914 10.862182017706866 0.27815622896973796
0.4519334299341645 10.883425905721188 0.42659547235830453
0.46477352939779865 10.866596879994997 0.309247570167996
0.4562828617515209 10.869841543973036 0.33193171680308714
0.5036768201218143 10.87041096963277 0.3354309541510903
0.48120929828974085 10.882066187939593 0.4168359494853689
0.5001319335521062 10.875405689919454 0.37025625242333327
0.49335312498958594 10.88760867868067 0.45532209489454833
0.5004618311376723 10.897924887268408 0.5271088479013728
0.49486702329762555 10.897900556139366 0.526994506660192
0.5014080117399481 10.897810853091816 0.5263052266787647
0.4851007481655364 10.90088821331988 0.5479010617702936
0.478367777171399 10.90118600941889 0.5500416908496146
0.4191035458206089 10.905929954279186 0.5836693316940337
0.5038278926916813 10.90984904076497 0.6101325081738961
0.3988510125396861 10.912700073256257 0.6310256914579246
0.47555590632102407 10.913080683447692 0.6329208960508481
0.4748166556261491 10.912637451145208 0.629840878522206
0.41635289755174854 10.920135391054098 0.6826433849701402
0.39688124786014745 10.917815449057843 0.666675884578309
0.40805130756970687 10.918723033400449 0.6728875196711578
0.49671813647464164 10.91551758404513 0.6496864028882463
0.4240137186224931 10.922904838819832 0.7018582782847426
0.34961147799567366 10.92482810595339 0.7159878731030659
0.3365148113191402 10.930233361240385 0.7537668538339044
0.3713705925843085 10.916499454048514 0.6577608175325754
0.2985233271345379 10.926348777805464 0.7270834647520769
0.3135787809265168 10.934493566273215 0.7836670340864573
0.4189592671875526 10.933930300546985 0.7787051479209662
0.4588503214926766 10.932511917936393 0.7684323893054271
0.4414865599086004 10.936748084167144 0.7981102156458972
0.4052686178516507 10.931212235026997 0.7599075764434495
0.4118585356516285 10.930931611435971 0.757887970985953
0.3459693714702624 10.936364250891328 0.7963779515280943
0.31243862574903314 10.947630056281602 0.8751795446601787
0.3072260526647989 10.949335117104354 0.8871073916183434
0.32023649331171994 10.958050473343565 0.947685362765691
0.3970474650042304 10.945797290558422 0.8615797473213448
0.3672362529061164 10.94283401112547 0.8412330202686978
0.41794550051094453 10.942587939049274 0.8390192955191663
0.37778511679867866 10.950468511426998 0.8943066255085326
-0.5321785764130204 10.84534613690472 0.17105177348144382
-0.5016745852436193 10.856388973827412 0.24766924889464087
-0.4741684081564196 10.860877848999904 0.2786651187113933
-0.4975572788811782 10.851788604044568 0.21558512958309897
-0.4780177465865753 10.860871522526034 0.27865898641748527
-0.5208512205308815 10.852928639003968 0.22375551713874342
-0.5223334899305675 10.867809266858668 0.32742006566245546
-0.5044406543895236 10.867112315662785 0.3223891727367553
-0.5109481831358121 10.861717952789181 0.28487925695517735
-0.4910990084784173 10.86549705620434 0.3110067206545005
-0.4682740174398339 10.869565091805883 0.3391173947250166
-0.49734212983477893 10.872389215577789 0.3590750846223732
-0.3577002203028029 10.889665922902953 0.4780386072255232
-0.34086594867045644 10.89477393084459 0.5134521707951774
-0.4483587370305818 10.870796683010052 0.34749969422046206
-0.2728597783555552 10.900153975683748 0.5502563010249616
-0.2929386075940336 10.901049024923543 0.5566885740436837
-0.2864442937753984 10.904268066391573 0.5790465755449411
-0.19102934245085929 10.915032257476575 0.6530834815600963
-0.21417524252927742 10.909748014998938 0.616504568607886
-0.0870734375228977 10.916634433246664 0.6632188610150528
-0.10948526164996429 10.918370890940162 0.6755348950945945
-0.11681715981303133 10.915044443521056 0.652437019372295
-0.010679600923258464 10.926093415607404 0.7283518782153329
-0.012912901706317174 10.926330096753226 0.7300224723245904
-0.03164386910177478 10.924199179115117 0.7153643082337018
-0.061965777371177075 10.917404470605609 0.668335070805382
0.05172030147072212 10.920367595562652 0.6878541552378513
0.05906684945286443 10.922665638960433 0.7037886124796401
0.1081791136545631 10.919423920190443 0.6807246644195144
0.12995325885607056 10.920816609888645 0.6902107652021362
0.14648167709200785 10.921795890946504 0.6968689932651243
0.1774524553036761 10.915998184623673 0.656180278053558
0.20311721619183232 10.916476127326778 0.6592564334714542
0.22679781049276254 10.908747133949083 0.6051873204441377
0.30260904945782213 10.911734402638249 0.6252478237364056
0.3346550803360224 10.90142406682724 0.5531161166209504
0.29887859218255025 10.904132927346645 0.5723370580670765
0.27591909953446075 10.906313049958243 0.5877488053073538
0.2885464179166432 10.909637802285479 0.6107826888973208
0.4533835353671615 10.888428831315052 0.46142869966222094
0.41116899541902674 10.893558555804484 0.4975754401103
0.4638950641521951 10.888150400906623 0.45938572412745443
0.3764150523669643 10.898761708422548 0.5341601165103604
0.4107847799297093 10.884765758561368 0.4363336308194198
0.39311990069933767 10.88895316345505 0.465674781021939
-0.38109687478409027 10.895962133622579 0.5221249777269577
-0.36131811413565085 10.897215564407157 0.5306607446155107
-0.3839817408829445 10.898721959357788 0.5413767746907351
-0.41354127777624844 10.883733354864182 0.4372660322004404
-0.4502569834938242 10.883938545725938 0.43905709880833726
-0.42821481549913515 10.883115549872494 0.4331073602294992
-0.46022596547192657 10.871901126342594 0.3553095633546296
-0.15430409060673836 10.919086166646416 0.6809587752629637
-0.23652608596173882 10.915982458657707 0.6601503988812567
-0.2792254225812085 10.908547618272173 0.6087843455725207
-0.2797930301121002 10.909611068915293 0.6161973280370932
-0.06649353518621678 10.928838611929509 0.7480233782869217
-0.1644040240785967 10.926050208289427 0.7295658379554456
-0.10152369287904112 10.928986751629008 0.7494004484646697
-0.13796743648088347 10.922891910173512 0.7073064137870915
0.07410688098516827 10.936176969424963 0.7977525953952498
0.05545274043098054 10.934943846187947 0.7893471964055938
-0.0263870773086704 10.926566256551391 0.7318002111408178
0.005209468385293645 10.9279583214803 0.741185162744614
0.16696520152949035 10.931711172147507 0.7657313098320856
0.137261034945621 10.931540404210821 0.7648345654877046
0.13432102797385537 10.930311289285056 0.7563022270960144
0.2541177664527159 10.928050177999358 0.7393720513256445
0.20181469853461972 10.924105416478042 0.7124105333330525
0.3578980536535477 10.907749309890246 0.5969450875090238
0.29395760629052065 10.924465509891927 0.7140106918773229
0.36617026937218566 10.913394285366868 0.6361832367538512
0.3612971204682802 10.908029318771003 0.5988619722066693
0.4708547786699739 10.896158565836954 0.5150974336187062
0.47001329193356994 10.897736637906235 0.5260976735604211
0.467344118749278 10.894122875523715 0.5009525761299191
0.3735925048498907 10.906618911304001 0.5889167125660452
0.3976905767058051 10.906251953128512 0.5861232111358895
0.39939306445787187 10.903466354654247 0.5667035480693434
-0.5340476171690485 10.886941329417418 0.46079850878195705
-0.534593006654196 10.878398748013788 0.4013011482229716
-0.5315342468614477 10.874511932453096 0.3741976711532283
-0.5279738167441038 10.90202962558544 0.5658350927288767
-0.5362593012469103 10.894697182515793 0.5148431403140508
-0.5286623491589347 10.894247216945628 0.511634071422007
-0.5171020035457498 10.89225782766993 0.4976631993409648
-0.5260640224216402 10.910724787790016 0.6263817979814605
-0.5223721189707583 10.905016007858245 0.5865813198861168
-0.5108549955646257 10.922726230600695 0.7098271018291316
-0.49343639850437543 10.926927201653756 0.7389170069204288
-0.49167849501901884 10.935199674801542 0.7965209988519752
-0.44917087006709105 10.942790293055875 0.8489740009538037
-0.4634755097008852 10.943919413346572 0.8569797757627237
-0.40179127673678244 10.951971346998521 0.9124570561695076
-0.45094031558274417 10.896886461194129 0.529251605128215
-0.45303604905751454 10.895904887415329 0.5224351766472647
-0.49382476688934224 10.886373108940262 0.45644422347992947
-0.48631691679516514 10.88862459544733 0.4720528024605498
-0.48059125067460856 10.888672073448744 0.4723270819965374
-0.5046825181230032 10.885440257813377 0.45005351669687216
-0.44854513462280354 10.893956429277795 0.5088190750030428
-0.3997153387329534 10.900928355038683 0.5569003156476312
-0.43930922805086686 10.891379485987038 0.49077854455308173
-0.5059922587883239 10.901085894978321 0.5590449822200595
-0.4511627684793413 10.908853807187661 0.612611483572631
-0.44409937100319985 10.904954994835492 0.5853849789755247
-0.47270698794425026 10.899883820640598 0.5503440016998387
-0.4528756944143335 10.899456350478804 0.5471710564629061
-0.34977037199205036 10.91474292643868 0.6526325217121033
-0.350414850320637 10.911912927903572 0.6329267220069217
-0.4030109101820967 10.904954813630235 0.5849787999088961
-0.4303712325297903 10.905541375709923 0.5893340852040597
-0.3378264462312256 10.917974973743204 0.6750274098159589
-0.32596620690944156 10.910167520661727 0.6205282781292951
-0.4906608458436079 10.916230192648987 0.6643804090547508
-0.5002333485506723 10.908851467658893 0.6130787665125648
-0.49105332930803713 10.918226377636167 0.6782885595802415
-0.438869902083971 10.91431419744986 0.6505242952615021
-0.37176201909771983 10.92350881779283 0.7139074287137229
-0.3393163034182968 10.926178288122486 0.7321816872285716
-0.4116272239159379 10.913769329994736 0.6464605902245575
-0.43194061711492865 10.913417459539511 0.6442098455243721
-0.26415036180296225 10.932926788291054 0.7784471366295364
-0.22792032566809212 10.924840395987705 0.7217649154079742
-0.25488983170930324 10.9245410492726 0.7199456154254887
-0.323212340065073 10.921093126075531 0.6966026567121608
-0.20670117149955186 10.932706322133178 0.7763453475455637
-0.2013708808669721 10.929012389712124 0.750562998697176
-0.4481496860142007 10.930119776612193 0.7607083681016497
-0.4808022776489663 10.921855821935305 0.7034681706830286
-0.42979425449180847 10.929056048924716 0.7531181611793277
-0.402083706966374 10.934146499814583 0.7883022492881239
-0.3602449564731259 10.941698171961606 0.8404905666825359
-0.28870599991046414 10.94512036229279 0.863622587649577
-0.30018098345226574 10.942115538023659 0.8428057839137201
-0.34050480514291687 10.94235503996307 0.8448713989754892
-0.3458816482321576 10.937755623264806 0.8128874808642336
-0.2583760473089284 10.934204501226592 0.787290049538001
-0.3149928180110758 10.933676049315153 0.7841671004777216
-0.14085243956292284 10.94147536603176 0.8367765675694223
-0.10402881453551796 10.945806357229786 0.8665808867307494
-0.15575454407682632 10.944771790814752 0.8598844335294302
-0.19188334981448277 10.936259590749946 0.8009493580018344
-0.15123229241173572 10.93608284748232 0.7993176591171743
0.03762672466818402 10.9418047750352 0.8373121730307851
0.027185925108438893 10.948092464144926 0.8812115100397321
0.08460172923791685 10.942324055730662 0.840466257932183
-0.07633298568966995 10.938011032110962 0.8120101755697765
-0.011680695807621128 10.937827077135045 0.8100917176798665
-0.07228681864734048 10.944942752736603 0.8602527021279528
0.009955010858136019 10.94269831488026 0.8438087585196555
-0.35532937554232263 10.956962034037685 0.9467614562862439
-0.40140621265317095 10.95653498856888 0.9442409779860232
-0.2637062554336175 10.96338011779518 0.9905632324496082
-0.3269688471438401 10.96526813190771 1.0043374963304819
-0.24834176016653103 10.96618920764094 1.0099783319607551
-0.14700486804777943 10.97755439472632 1.0881430730108979
-0.2183033653414522 10.974150993063978 1.065139553494642
-0.23754395324681513 10.966584827276915 1.0126275822402433
-0.19381756471441625 10.969801272851534 1.0346005890956622
-0.06036540805163897 10.976400924641963 1.0792548492196345
-0.10422863785778923 10.980537226272034 1.1084982217625978
-0.06149706036685759 10.972735263046868 1.0537330996652752
0.04083825685656637 10.980335685335271 1.1056648035487093
0.03960396771378048 10.982427500813587 1.1202473571620768
0.015214300152222228 10.972998232227376 1.0548088205449309
-0.4259929598640467 10.942160995699002 0.8443622628299343
-0.39552793035419426 10.937724817807974 0.8131621598384873
-0.4579924481019627 10.930467363153127 0.7632264551595416
-0.2968239827916089 10.960330391141452 0.9696469484217601
-0.3278085972380855 10.9505238359948 0.9016454410674497
-0.24608506690964782 10.956054100835376 0.9393607366109871
-0.25632770237456237 10.959653040423136 0.9645298296999631
-0.24170711586963975 10.95052530155514 0.9008071399417088
-0.35350006083547825 10.944785553213707 0.8619290290128336
-0.3467842503654641 10.955971430079385 0.9397772656390853
-0.38067263945783747 10.94423963536036 0.8583942567647368
-0.16271414334683829 10.958001743630888 0.9521053017773987
-0.1323897780421378 10.96018907494742 0.967042161133805
-0.16213334326951506 10.949352411960078 0.8918532815969746
-0.17814385209896935 10.959277589463959 0.9611441700650264
-0.20682744116245666 10.957875646869024 0.9516617098035964
-0.1951442480895054 10.95635067042516 0.9409244612078104
-0.201174741112002 10.965251058384935 1.00297890129209
-0.08558506675144052 10.95360194502724 0.9206987331354488
-0.07228638309538794 10.970146604284166 1.0358083097558028
-0.09761596197332924 10.964608611017848 0.9974834335978833
-0.03715843084399274 10.952228905656192 0.9106576934849768
-0.06993304786361887 10.955876041845935 0.9363845437887721
-0.019860389376943333 10.953171851738626 0.9170552484429717
-0.015056660783344165 10.96511925909045 1.0002267139060617
-0.04107135821854933 10.961892297212362 0.9780059120426817
-0.05058862223177175 10.9571663080576 0.9451811654576376
0.07007181104636451 10.952117084334384 0.9088220818935445
-0.013854860763622388 10.969478436839315 1.0305784089702497
0.023299786975303886 10.968482907276554 1.0232779694194436
0.07175962243523977 10.959182907264031 0.9580219294151798
0.19164861415656667 10.941391864845222 0.8329182281948885
0.1575721653491115 10.944381851677658 0.8540805812395208
0.08864006571507414 10.945790443738696 0.8645713370013008
0.14941163375542932 10.937180564952904 0.8040009575138736
0.2613648674496268 10.937723899451555 0.8066822426355903
0.23640323357581813 10.942565118337969 0.8406493948558971
0.224337172342093 10.943267547701991 0.8456610241083172
0.2338804220955034 10.933420806716383 0.7769802128386538
0.24617948679971766 10.934243158484408 0.7825870405020348
0.14067029100314044 10.957338145268617 0.9444932746012245
0.17620062534484615 10.95023374444216 0.8946579396485013
0.14336482927523955 10.953582796175604 0.9183091070548882
0.1893774933914262 10.955069989286846 0.9282145997802046
0.1206186740803061 10.96315589389768 0.9852139873456529
0.10741586502525419 10.960118804492945 0.9641894704372501
0.08836655797212889 10.958181874603321 0.9508856511915912
0.0760998012241077 10.96223666558391 0.9792498915396636
0.11588521529628326 10.963473357830706 0.9874719065939651
0.1421382690024289 10.978003058263962 1.0884187705138826
0.07055879895539002 10.973417929242162 1.057186783142219
0.08379614597095195 10.978377932559685 1.0916048779935097
0.2968220150717456 10.956873177359133 0.9397157364637783
0.25663222994743906 10.943997044898044 0.8504240242426468
0.2605335254719282 10.947397102082807 0.8740684312472743
0.22657429334573045 10.948938617393495 0.885140405132927
0.2530803330946563 10.95652371470204 0.9377126432564608
0.2611784712099645 10.955753327727958 0.9322667630953251
0.2357762738799525 10.956983865849558 0.9410883202586099
0.22871942580222326 10.95346074095419 0.9166177911943638
0.2891541810905305 10.971528174899802 1.0418696305431774
0.2436185072562232 10.97534104211322 1.0688766254951076
0.20954352886812658 10.972601085283232 1.0501274543329648
0.25880670795955807 10.970385566233329 1.0342099392515511
0.362414189173102 10.96584459067087 1.0015590743692009
0.38565690461508134 10.961841038067554 0.9734435658142728
0.3366566356691009 10.961922619829668 0.9744947035597573
0.46060582120229804 10.951010634371318 0.8972665657020018
0.43591701368362273 10.950961394741714 0.8971668928672524
0.42033984203992497 10.954307820186562 0.9206296874588147
0.4012432661921487 10.955244621158638 0.927343099289556
0.49930513268029963 10.939226649580787 0.8148046963223964
0.5194440832141562 10.935831825818472 0.7909598315045338
0.472840881580001 10.937802426388693 0.8051451711252506
0.5367777813263211 10.926031585662495 0.7225261454190923
0.5342599974604224 10.918801798565339 0.6721923964819704
0.5311808167423508 10.925611233949082 0.7196533725864827
0.5369353011190086 10.91055099957116 0.6146956861160195
0.5543859107205683 10.90825842639541 0.598554961290473
0.5401389915367637 10.890400026658924 0.47430396465275243
0.5433910791858428 10.896476373946557 0.5165962753193198
0.561826360664322 10.879741252041041 0.3998473142533714
0.5577549380083529 10.848971050328023 0.1855598142233016
0.557237632830222 10.854570583030316 0.22456805371131466
0.5597680441374976 10.872199443391798 0.34733567373747043
0.5430976678586721 10.878642847008782 0.3923810199064798
0.5112280743395298 10.85880022136919 0.2544827079269038
0.5075538867166213 10.866269005357156 0.30654219287538514
0.5461535651696344 10.846889468983093 0.17117503808888376
0.4857069016446822 10.868754198301477 0.3240679220423046
0.47107880107213246 10.883609114034568 0.4276829236385931
0.5266247723488592 10.865294948396423 0.2995695303109891
0.5442137385023751 10.856105254328304 0.2353860434032016
0.5188198376741066 10.864612605437994 0.2948936353526413
0.5102352490892572 10.881562239993407 0.41303969261683793
0.4898414744392551 10.893937003322778 0.4994361906802074
0.515474487703918 10.873464223125934 0.3565819081838629
0.48546564053305186 10.885560882829544 0.4411360497064971
0.5004993202591876 10.895870660461338 0.5127999096454006
0.5278589026525762 10.8914722120372 0.4818932119711123
0.49500906836210656 10.907075512705802 0.5909006057128767
0.4092019265714128 10.913311048796503 0.6351793917932796
0.47259178005971036 10.912536308254994 0.6291583006214994
0.5027762217540487 10.908796455964088 0.6028111685501837
0.5071301463365255 10.901513591195858 0.5520399918863946
0.44654778225320574 10.906758161065602 0.5891676900430655
0.46317891040981185 10.901874387409556 0.5549862207704352
0.4690952498147611 10.922567686000036 0.6990655969694608
0.49684995255055425 10.917909284754096 0.6663443228296008
0.39302772016986987 10.914593530546837 0.6442718189296556
0.424359197555281 10.91483057938882 0.6456142013877195
0.4378814470788221 10.922260597685 0.6972341999531063
0.4320071441187446 10.920979413089128 0.6883680908070081
0.3379332777582236 10.922729209198705 0.7014832448451597
0.36962897461528166 10.919772835205443 0.6805784813474666
0.3290281597364807 10.926639862076195 0.7288103734810467
0.3758200437565227 10.920585242319234 0.6861762330648644
0.3904856708667177 10.922912208632553 0.7022400230271623
0.3919715838484973 10.93350265098 0.7759923428013166
0.4399148933549279 10.927742613177646 0.7353987447430801
0.43219268640297837 10.931384207941624 0.7608401111720196
0.3851860000520024 10.9331131554325 0.7733462099253856
0.39581847920726143 10.934458314607648 0.7826110387123523
0.4075312660549704 10.938351951506682 0.8096164592850803
0.45491084329458387 10.935918422547164 0.7921989743296914
0.3899014338377106 10.936363148089656 0.7959373301390382
0.4250390592320953 10.941902391453073 0.8341742578198668
0.38831096933490084 10.946134441678309 0.8640142452164845
0.3392932261098347 10.94368997120936 0.8474705203630946
0.42515170619319365 10.940217879729573 0.8224398026766784
0.3266723234553626 10.960647975800132 0.9657146554094247
0.311439602830912 10.954784978272551 0.9250264833789624
0.3595973911996509 10.95264775324044 0.9096652129966706
-0.5363711071211884 10.837212309549342 0.11443750149240049
-0.5322800851168111 10.86462952470673 0.30536982211794833
-0.5340148429673006 10.871135393039777 0.3507030748401377
-0.53327011170258 10.908630871361948 0.6118677882523866
-0.49012012848831044 10.93452231008182 0.7917875063763022
-0.40083554887026557 10.95675433198783 0.9457631750119125
-0.3331090227142332 10.96618967380752 1.0108169399857425
-0.28890018063452677 10.971101718080861 1.0445957629390785
-0.20810897949096363 10.976466781484774 1.0811695476587162
-0.1085881101638597 10.98067318411691 1.1094881878853666
0.39665569890868624 10.962615795092253 0.9787316895744153
0.4197007616454856 10.956364218798317 0.9349596818010707
0.46483894777545925 10.947505001579259 0.8728066166394636
0.4804241519781035 10.944362797296755 0.8507662306803611
0.5275456957423255 10.931580587996118 0.7612683013289484
0.53426755521259 10.921375234972917 0.6901174078731461
0.5436455667336447 10.91784666621566 0.6654469983944626
0.5520518891794147 10.913705141744707 0.6365166658198732
0.5569075143379585 10.857299441302251 0.24357897261805161
