66
10
-0.02245100029 0.7723699808 -1.535254955  
0.007404000033 0.7719889879 -1.523072004  
0.03749899939 0.7718480229 -1.513651967  
0.06795500219 0.7725650072 -1.507249951  
0.09821499884 0.7735409737 -1.502050042  
0.1286659986 0.7745000124 -1.498589993  
0.1590760052 0.7756400108 -1.499325991  
0.1899960041 0.7774050236 -1.505265951  
0.2209410071 0.7796660066 -1.511708021  
0.2522450089 0.7821580172 -1.518705964  
14
-0.08171500266 0.7396609783 -1.546805024  
-0.05255800113 0.7378829718 -1.52609396  
-0.02269699983 0.7369580269 -1.509639025  
0.006833000109 0.7363280058 -1.495988965  
0.03661200032 0.7362449765 -1.485077024  
0.06651499867 0.736455977 -1.477368951  
0.09661400318 0.7373070121 -1.473507047  
0.1270499974 0.7387319803 -1.47220695  
0.1575129926 0.7401139736 -1.472419024  
0.1886560023 0.7422230244 -1.475512981  
0.2196429968 0.7445880175 -1.481259942  
0.2512840033 0.7477620244 -1.490252972  
0.2832599878 0.7509539723 -1.501885056  
0.3155150115 0.7547529936 -1.515709043  
18
-0.1414249986 0.7070819736 -1.553787947  
-0.1117750034 0.7056570053 -1.531576991  
-0.08223800361 0.704448998 -1.511752963  
-0.05254299939 0.7035700083 -1.49455905  
-0.02272499911 0.7029880285 -1.479745984  
0.006800999865 0.7026939988 -1.467363954  
0.03659300134 0.7026410103 -1.457154989  
0.06661500037 0.7033219934 -1.450675011  
0.09643299878 0.7042919993 -1.447070003  
0.1268229932 0.7055670023 -1.44572401  
0.1573099941 0.7071130276 -1.446234941  
0.188338995 0.7090550065 -1.449324012  
0.2188899964 0.7109289765 -1.453295946  
0.2499199957 0.713079989 -1.459308982  
0.2812449932 0.7158269882 -1.468598008  
0.3132439852 0.7190809846 -1.480882049  
0.3450930119 0.7221480012 -1.493425965  
0.3773519993 0.7255349755 -1.507529974  
22
-0.2007129937 0.676207006 -1.568074942  
-0.171103999 0.6740509868 -1.541473031  
-0.1414819956 0.6726049781 -1.519358039  
-0.1118540019 0.6711930037 -1.499781966  
-0.0823789984 0.6705250144 -1.483185053  
-0.05277799815 0.6697239876 -1.46726501  
-0.02290399931 0.6692489982 -1.453299999  
0.006401000079 0.6690859795 -1.441241026  
0.03600699827 0.6690729856 -1.430842996  
0.0659769997 0.6695110202 -1.423882008  
0.09601700306 0.6704699993 -1.420189023  
0.1261540055 0.6717280149 -1.418630958  
0.1565629989 0.6730520129 -1.418692946  
0.1871290058 0.6750130057 -1.421759009  
0.2178069949 0.6769940257 -1.425698996  
0.2487750053 0.6792590022 -1.431319952  
0.2800590098 0.6817619801 -1.439607024  
0.3119559884 0.6849960089 -1.451181054  
0.343881011 0.6881089807 -1.462952018  
0.3755060136 0.6911380291 -1.474441051  
0.4079020023 0.6946979761 -1.489048004  
0.4410809875 0.6989330053 -1.509367943  
24
-0.2303930074 0.6434170008 -1.56031096  
-0.2008469999 0.6409389973 -1.530644059  
-0.1713829935 0.6390540004 -1.505844951  
-0.1416459978 0.6375889778 -1.484755039  
-0.112075001 0.6367160082 -1.467170954  
-0.0825489983 0.6361320019 -1.452115059  
-0.05288700014 0.6356549859 -1.43809402  
-0.02349700034 0.6354650259 -1.425914049  
0.00616999995 0.6353240013 -1.414582968  
0.03576900065 0.6353880167 -1.404456973  
0.06548099965 0.6358399987 -1.397228003  
0.0955369994 0.636721015 -1.393331051  
0.1256359965 0.6380919814 -1.392174959  
0.1558620036 0.6395440102 -1.392346978  
0.1862110049 0.6413319707 -1.394765019  
0.2167810053 0.6432999969 -1.398354053  
0.2474980056 0.6454100013 -1.403321028  
0.2789419889 0.6478980184 -1.410895944  
0.310431987 0.6508719921 -1.420990944  
0.3417980075 0.653783977 -1.431151986  
0.37331599 0.6565089822 -1.441092968  
0.4053539932 0.6596879959 -1.454139948  
0.4382059872 0.6637449861 -1.47319603  
0.4722090065 0.6686990261 -1.498687029  
27
-0.2896269858 0.6146829724 -1.596022964  
-0.2599740028 0.6108739972 -1.556493044  
-0.2303729951 0.6079589725 -1.52362895  
-0.2007900029 0.6058920026 -1.496791005  
-0.1711409986 0.6047030091 -1.474625945  
-0.1414619982 0.6036300063 -1.455348015  
-0.1120020002 0.6030319929 -1.439286947  
-0.08256900311 0.6026740074 -1.425199032  
-0.0528719984 0.6024870276 -1.412796974  
-0.02335000038 0.6025909781 -1.401819944  
0.006095000077 0.6024410129 -1.390638947  
0.03559999913 0.6027110219 -1.381589055  
0.06536000222 0.6032789946 -1.37511301  
0.09543500096 0.6042550206 -1.371389985  
0.1252579987 0.6054729819 -1.369814992  
0.1553979963 0.6067749858 -1.369554996  
0.1858530045 0.6085240245 -1.371225953  
0.2162069976 0.6102839708 -1.374060988  
0.2467100024 0.6122220159 -1.378414035  
0.2780170143 0.6145939827 -1.385223031  
0.3090879917 0.6170189977 -1.392845988  
0.3399719894 0.619370997 -1.400482059  
0.371728003 0.6220510006 -1.409693003  
0.4031949937 0.6249049902 -1.421834946  
0.435555011 0.6286770105 -1.439051032  
0.4689700007 0.6331710219 -1.461678982  
0.5036839843 0.6386799812 -1.49079597  
30
-0.3188660145 0.5830039978 -1.600221038  
-0.28926 0.579531014 -1.55962801  
-0.2596679926 0.5767580271 -1.525246024  
-0.2300900072 0.5744889975 -1.496024013  
-0.2003860027 0.5729240179 -1.471788049  
-0.1707510054 0.5716260076 -1.450868011  
-0.1409890056 0.5709170103 -1.43353498  
-0.1116530001 0.5704470277 -1.418360949  
-0.08224400133 0.5701109767 -1.404811978  
-0.05274099857 0.5700820088 -1.392833948  
-0.02340300009 0.5701469779 -1.381754994  
0.006144000217 0.570200026 -1.371209025  
0.03574300185 0.5706130266 -1.363108039  
0.06560000032 0.5712940097 -1.35730195  
0.09540099651 0.5723429918 -1.354017019  
0.1254269928 0.5735260248 -1.35226202  
0.1554919928 0.5748929977 -1.351637959  
0.1854519993 0.576267004 -1.352084994  
0.2159129977 0.5779579878 -1.354205966  
0.2464029938 0.579892993 -1.358448029  
0.2773660123 0.5820890069 -1.364465952  
0.3081989884 0.5842729807 -1.370672941  
0.3389090002 0.5864239931 -1.377125978  
0.370431006 0.5890790224 -1.38609004  
0.4019230008 0.5919730067 -1.397619963  
0.4343490005 0.5953999758 -1.412747979  
0.4673590064 0.5993779898 -1.43264401  
0.5010439754 0.6039040089 -1.45727098  
0.5358780026 0.6093479991 -1.488685012  
0.5718629956 0.6159880161 -1.528306007  
31
-0.3484100103 0.5522580147 -1.609909058  
-0.3183870018 0.5487729907 -1.568416953  
-0.2885659933 0.5458670259 -1.532626033  
-0.2589580119 0.5437399745 -1.502076983  
-0.2293239981 0.5419750214 -1.475234985  
-0.1998320073 0.5406759977 -1.452445984  
-0.1701599956 0.5397729874 -1.432957053  
-0.1405909956 0.539214015 -1.416447997  
-0.111093998 0.5386999846 -1.401566029  
-0.08166900277 0.5385190248 -1.388427019  
-0.05220900103 0.5384550095 -1.376479983  
-0.02300800011 0.5383210182 -1.365036011  
0.006639999803 0.5383999944 -1.354933977  
0.03616200015 0.5388960242 -1.347318053  
0.06584200263 0.5395449996 -1.341768026  
0.09556599706 0.5404989719 -1.338289022  
0.125424996 0.5417680144 -1.33654201  
0.1556009948 0.5431460142 -1.335901022  
0.1854600012 0.5445569754 -1.335986972  
0.2160149962 0.5462939739 -1.337875962  
0.2465610057 0.5481870174 -1.34208703  
0.2772960067 0.550409019 -1.347843051  
0.3079150021 0.5526220202 -1.353852034  
0.3390449882 0.5549150109 -1.360532999  
0.3702020049 0.5573469996 -1.368983984  
0.4015400112 0.5600699782 -1.379902005  
0.4337179959 0.5632200241 -1.394165993  
0.4667080045 0.566929996 -1.412750006  
0.5000010133 0.5710170269 -1.434962988  
0.5339099765 0.5758079886 -1.46221602  
0.5694580078 0.5816140175 -1.49577105  
32
-0.347600013 0.5184959769 -1.581081033  
-0.3175190091 0.5157430172 -1.54341197  
-0.2877779901 0.5131520033 -1.510596037  
-0.2581110001 0.510981977 -1.481564999  
-0.2286490053 0.5092340112 -1.45618701  
-0.1990090013 0.5078690052 -1.434023976  
-0.1695969999 0.5070620179 -1.415256023  
-0.1402380019 0.5065749884 -1.399461985  
-0.1105969995 0.506295979 -1.385228038  
-0.08111400157 0.5062100291 -1.372215986  
-0.05181999877 0.5061789751 -1.360416055  
-0.02236700058 0.5063809752 -1.349748015  
0.007015999872 0.5064740181 -1.339553952  
0.03650699928 0.5069270134 -1.331745982  
0.06608200073 0.5077769756 -1.326843023  
0.09592200071 0.5087689757 -1.323557019  
0.1256159991 0.5099220276 -1.321393013  
0.1555819958 0.5111560225 -1.320168018  
0.1855749935 0.5125880241 -1.320446968  
0.2157550007 0.5141749978 -1.322371006  
0.2462379932 0.5160679817 -1.326406956  
0.276865989 0.5180569887 -1.331689954  
0.3075740039 0.5201169848 -1.336956978  
0.3385320008 0.5223540068 -1.343464017  
0.3696259856 0.5247750282 -1.352146029  
0.4012590051 0.5276979804 -1.363752007  
0.4332970083 0.5309600234 -1.377843022  
0.466087997 0.5346750021 -1.395342946  
0.4993230104 0.5389479995 -1.417073965  
0.5334630013 0.5437369943 -1.44344902  
0.5680019855 0.5487419963 -1.473454952  
0.6033650041 0.5541219711 -1.508059025  
34
-0.3767490089 0.4884720147 -1.599493027  
-0.3467830122 0.4845460057 -1.554819942  
-0.3167659938 0.4817939997 -1.519029975  
-0.2869440019 0.4798699915 -1.48881495  
-0.2574050128 0.4782840014 -1.462182045  
-0.227959007 0.4772610068 -1.439131021  
-0.1982830018 0.4762200117 -1.418053985  
-0.1688469946 0.4755919874 -1.399876952  
-0.1394270062 0.475116998 -1.384029031  
-0.1100109965 0.4749340117 -1.370025992  
-0.08045999706 0.4749189913 -1.357496977  
-0.05120500177 0.4748699963 -1.34564805  
-0.02186499909 0.4750309885 -1.334931016  
0.007499000058 0.4752919972 -1.325207949  
0.03689299896 0.475789994 -1.317667007  
0.06645999849 0.4767139852 -1.313223004  
0.09636799991 0.477816999 -1.310384989  
0.125909999 0.4788300097 -1.307708025  
0.1558039933 0.4799959958 -1.305997014  
0.185909003 0.4815160036 -1.306745052  
0.216068998 0.4831919968 -1.309460998  
0.2465659976 0.4850830138 -1.313794971  
0.2770180106 0.4870139956 -1.318364024  
0.3075299859 0.4888499975 -1.322703958  
0.3384250104 0.4910179973 -1.328989029  
0.3695949912 0.4934700131 -1.337962985  
0.4013009965 0.49623999 -1.349522948  
0.4330449998 0.4991320074 -1.362702012  
0.4650909901 0.5022370219 -1.378270984  
0.498014003 0.5058460236 -1.397825956  
0.5318379998 0.510273993 -1.422809958  
0.5665940046 0.5153880119 -1.452103019  
0.6022409797 0.5210779905 -1.485638976  
0.6393529773 0.5276769996 -1.527879953  
35
-0.4055779874 0.458799988 -1.626147985  
-0.3756150007 0.4545139968 -1.571930051  
-0.3457199931 0.451718986 -1.532022953  
-0.3159149885 0.4496259987 -1.499400973  
-0.286428988 0.4478169978 -1.470707059  
-0.2566179931 0.4464139938 -1.445098996  
-0.226989001 0.4451819956 -1.422163963  
-0.1977410018 0.4443570077 -1.401658058  
-0.168265 0.4436909854 -1.383380055  
-0.1390019953 0.4433369935 -1.367349982  
-0.1095929965 0.4432039857 -1.35334897  
-0.08014599979 0.4432249963 -1.34118402  
-0.05068700016 0.4434530139 -1.330096006  
-0.02160999924 0.4435810149 -1.319352031  
0.00781499967 0.4439760149 -1.310394049  
0.03722500056 0.4445419908 -1.303385973  
0.06696400046 0.4453699887 -1.298697948  
0.09649600089 0.4464159906 -1.295624971  
0.1261440068 0.4475220144 -1.293190956  
0.1560070068 0.4486779869 -1.291697025  
0.1859340072 0.4501470029 -1.292397976  
0.216121003 0.451929003 -1.295645952  
0.2466229945 0.4538980126 -1.300179958  
0.27709499 0.455689013 -1.304268956  
0.307487011 0.4575330019 -1.308773994  
0.3382500112 0.4596360028 -1.315389037  
0.3695800006 0.4620850086 -1.324511051  
0.4011009932 0.4647490084 -1.335682988  
0.4327999949 0.4676370025 -1.348734975  
0.4649229944 0.4708110094 -1.364151955  
0.4979279935 0.4743910134 -1.383175015  
0.5315030217 0.4784959853 -1.406581998  
0.5656750202 0.4828639925 -1.432973981  
0.6003440022 0.4875150025 -1.462939024  
0.636425972 0.4932700098 -1.502285957  
36
-0.4046779871 0.4253090024 -1.598775029  
-0.3746869862 0.4214250147 -1.547600985  
-0.3448300064 0.4190050066 -1.510442972  
-0.3152419925 0.4171259999 -1.479496002  
-0.2857300043 0.4156390131 -1.451879978  
-0.2559019923 0.4144650102 -1.427538037  
-0.2263450027 0.4135029912 -1.405441046  
-0.1969330013 0.4127640128 -1.385377049  
-0.1676910073 0.4121060073 -1.367213011  
-0.1383450031 0.4117189944 -1.351214051  
-0.1090689972 0.4115790129 -1.337012053  
-0.07969799638 0.4116300046 -1.324473023  
-0.05033100024 0.4118030071 -1.313405037  
-0.02121699974 0.4120419919 -1.303395987  
0.008170000277 0.4125240147 -1.295261979  
0.03749199957 0.4131430089 -1.288758993  
0.06712599844 0.4140779972 -1.284371018  
0.09683799744 0.4150719941 -1.281301975  
0.1264979988 0.4162760079 -1.279451966  
0.1562740058 0.4175269902 -1.278635979  
0.1862359941 0.4190079868 -1.27938199  
0.2163529992 0.4206629992 -1.281936049  
0.246728003 0.4225000143 -1.285732031  
0.2770670056 0.4243229926 -1.290012956  
0.3076240122 0.4263209999 -1.295513988  
0.3385140002 0.4285179973 -1.302685022  
0.3696129918 0.4308800101 -1.31162405  
0.4009540081 0.4334569871 -1.322278976  
0.4324699938 0.4361700118 -1.334054947  
0.4645519853 0.4391340017 -1.348461032  
0.4974229932 0.4426290095 -1.367835045  
0.5309050083 0.446667999 -1.391288042  
0.5648289919 0.4507539868 -1.416129947  
0.5993180275 0.4551399946 -1.443837047  
0.6355170012 0.460826993 -1.481366038  
0.6738340259 0.4678820074 -1.534634948  
36
-0.4037480056 0.3922669888 -1.574293017  
-0.3739750087 0.38854599 -1.524260044  
-0.3440969884 0.3865210116 -1.489547014  
-0.3143439889 0.3848960102 -1.460469007  
-0.2846269906 0.3834609985 -1.433719993  
-0.2551890016 0.3823789954 -1.409844995  
-0.2255959958 0.3815250099 -1.388123989  
-0.1963550001 0.3808380067 -1.367913961  
-0.167159006 0.3802849948 -1.349424005  
-0.1378410012 0.3800109923 -1.333233953  
-0.1085570008 0.3798570037 -1.318775058  
-0.0794909969 0.3798330128 -1.305591941  
-0.05029800162 0.3799549937 -1.294013977  
-0.02117699943 0.3803080022 -1.284574986  
0.008253999986 0.3809399903 -1.277410984  
0.03784799948 0.3817389905 -1.272338033  
0.06733199954 0.3827379942 -1.26878202  
0.09701900184 0.3838779926 -1.266404033  
0.1266790032 0.3850600123 -1.264857054  
0.1564760059 0.3863669932 -1.264129043  
0.1860100031 0.3877570033 -1.264369965  
0.2163529992 0.3893629909 -1.266342044  
0.2465540022 0.3910180032 -1.269585967  
0.2768949866 0.3928849995 -1.274245024  
0.3076420128 0.3949550092 -1.280616999  
0.3383980095 0.3971599936 -1.288560987  
0.3693070114 0.3994669914 -1.297896981  
0.40071401 0.4019809961 -1.308547974  
0.4320420027 0.4044019878 -1.319077969  
0.463793993 0.4071229994 -1.33207202  
0.4967339933 0.4106790125 -1.351495028  
0.530412972 0.4148089886 -1.375535965  
0.5641670227 0.4188109934 -1.399670959  
0.59809798 0.4228209853 -1.42523706  
0.6340479851 0.4279690087 -1.461302042  
0.6724960208 0.4351249933 -1.514364004  
37
-0.432803005 0.3650229871 -1.625048995  
-0.4026420116 0.3591800034 -1.552099943  
-0.3728959858 0.3557989895 -1.502760053  
-0.3432750106 0.3540039957 -1.469117999  
-0.3133589923 0.3527550101 -1.441470027  
-0.2837150097 0.3515529931 -1.415493011  
-0.2545070052 0.3505029976 -1.391461968  
-0.2251520008 0.3497099876 -1.369408011  
-0.195934996 0.349022001 -1.348829031  
-0.1667519957 0.3484629989 -1.329781055  
-0.1374879926 0.3482129872 -1.313518047  
-0.1083920002 0.3481009901 -1.298810005  
-0.07930199802 0.3481200039 -1.285462022  
-0.04997500032 0.3483789861 -1.274217963  
-0.02088500001 0.3487870097 -1.265169978  
0.008438999765 0.3495700061 -1.259521008  
0.03797499835 0.3506070077 -1.256289005  
0.06775200367 0.3517349958 -1.253872037  
0.09727600217 0.3528890014 -1.252056003  
0.1268440038 0.3540880084 -1.250430942  
0.1564449966 0.3553369939 -1.249063969  
0.1859530061 0.3564450145 -1.247792959  
0.2159239948 0.3579559922 -1.248888969  
0.2460539937 0.3595860004 -1.251834035  
0.276639998 0.3615100086 -1.257266045  
0.3071939945 0.3635050058 -1.264394999  
0.3379859924 0.3657239974 -1.272693038  
0.3690760136 0.3681629896 -1.282803059  
0.4005759954 0.3707199991 -1.294245958  
0.4319890141 0.3732230067 -1.305434942  
0.4632740021 0.3757089972 -1.317914963  
0.4961999953 0.3790810108 -1.336742043  
0.5297719836 0.3829889894 -1.360586047  
0.563297987 0.3867760003 -1.384107947  
0.5971879959 0.3906109929 -1.408697009  
0.63270998 0.3955419958 -1.443339944  
0.671307981 0.402572006 -1.495715022  
38
-0.4316189885 0.3321439922 -1.603826046  
-0.4015710056 0.3268980086 -1.532274961  
-0.3719190061 0.3235299885 -1.483239055  
-0.3424319923 0.3219799995 -1.450690985  
-0.312492013 0.3208619952 -1.423480988  
-0.2830879986 0.3198089898 -1.397613049  
-0.2539190054 0.318821013 -1.372982979  
-0.224654004 0.3179779947 -1.349707007  
-0.195419997 0.3172419965 -1.328325987  
-0.1663379967 0.3166440129 -1.309036016  
-0.1372770071 0.3163160086 -1.292281032  
-0.1083189994 0.3162389994 -1.277524948  
-0.07918199897 0.3162859976 -1.264472008  
-0.05003299937 0.3165709972 -1.253458023  
-0.0208579991 0.3170650005 -1.24524498  
0.008564000018 0.3181070089 -1.241634965  
0.03815500066 0.3194209933 -1.240329981  
0.0676850006 0.3205850124 -1.23883605  
0.09727799892 0.3217520118 -1.236996055  
0.1268189996 0.3228650093 -1.235124946  
0.1562159956 0.3239800036 -1.232928038  
0.1858630031 0.3250429928 -1.230502009  
0.215692997 0.3264420033 -1.230538011  
0.2455150038 0.3280119896 -1.233286023  
0.2759619951 0.3300530016 -1.239241958  
0.3068940043 0.3323819935 -1.247545958  
0.3376629949 0.3345200121 -1.256482959  
0.3688299954 0.3369700015 -1.267222047  
0.4001550078 0.3395279944 -1.279518962  
0.4319489896 0.3421390057 -1.292631984  
0.4637950063 0.3448730111 -1.307011962  
0.4961569905 0.3480469882 -1.325662017  
0.5295450091 0.3516780138 -1.348099947  
0.5628349781 0.3552629948 -1.370720029  
0.596750021 0.3589299917 -1.394922972  
0.6320160031 0.3636789918 -1.42888999  
0.6705240011 0.3702270091 -1.480656981  
0.7119460106 0.3786070049 -1.548434973  
38
-0.4307970107 0.2996470034 -1.583647013  
-0.4005709887 0.2944580019 -1.512563944  
-0.3708949983 0.2916119993 -1.465021014  
-0.3413150012 0.2901859879 -1.43284297  
-0.3116590083 0.2888610065 -1.404443026  
-0.2823610008 0.2876940072 -1.377575994  
-0.25306499 0.286563009 -1.351588011  
-0.2240960002 0.2855859995 -1.327294946  
-0.1950190067 0.2849520147 -1.30628705  
-0.165941 0.2846159935 -1.287541986  
-0.1370179951 0.2843469977 -1.270568013  
-0.1080970019 0.2842789888 -1.256067038  
-0.07910700142 0.2845369875 -1.243515968  
-0.05006200075 0.2848530114 -1.232929945  
-0.02082899958 0.2855600119 -1.226135969  
0.008581999689 0.2867760062 -1.224010944  
0.03812799975 0.2880800068 -1.223508  
0.06780999899 0.2893280089 -1.222265005  
0.09715300053 0.2904109955 -1.220209002  
0.1267620027 0.2915750146 -1.218258977  
0.1561049968 0.2926990092 -1.215953946  
0.1855009943 0.293603003 -1.212491035  
0.2151149958 0.2948139906 -1.211367965  
0.2451139987 0.2964729965 -1.214429021  
0.2752619982 0.2983179986 -1.219856024  
0.3058679998 0.3003410101 -1.227579951  
0.3367820084 0.3027069867 -1.237979054  
0.3679809868 0.3051759899 -1.249624968  
0.3995330036 0.3078289926 -1.262815952  
0.4313850105 0.3106540143 -1.277868986  
0.4635140002 0.3137100041 -1.294968009  
0.4963850081 0.3171060085 -1.31495297  
0.5294709802 0.3206059933 -1.336997986  
0.5630310178 0.3242340088 -1.359909058  
0.59681499 0.3278430104 -1.385046959  
0.6321579814 0.3323679864 -1.419219971  
0.6707490087 0.3387550116 -1.47034502  
0.7121229768 0.3466840088 -1.537111044  
38
-0.4297310114 0.2671169937 -1.563845038  
-0.3997139931 0.2619900107 -1.492799997  
-0.3698860109 0.2594600022 -1.446661949  
-0.3402409852 0.2579109967 -1.413038969  
-0.3109160066 0.2568050027 -1.383656025  
-0.2818840146 0.255704999 -1.355864048  
-0.2524569929 0.2547509968 -1.329660058  
-0.2234539986 0.2540250123 -1.306295037  
-0.1944970042 0.2535490096 -1.286056042  
-0.1656769961 0.2532399893 -1.267840981  
-0.1366049945 0.2530910075 -1.251723051  
-0.1077470034 0.2532919943 -1.238183022  
-0.07884799689 0.2534849942 -1.225924015  
-0.04980799928 0.2538410127 -1.215764999  
-0.02051999979 0.2546609938 -1.209925056  
0.008725999855 0.2558189929 -1.207808018  
0.03829000145 0.2570819855 -1.206714034  
0.06772399694 0.2582429945 -1.205134988  
0.09719199687 0.2594009936 -1.203294039  
0.1264580041 0.2605580091 -1.201591015  
0.1559659988 0.2616769969 -1.199308991  
0.1851579994 0.262571007 -1.195654035  
0.2146530002 0.2637589872 -1.194203973  
0.2445369959 0.2653189898 -1.196866989  
0.2747119963 0.2671389878 -1.201908946  
0.3051329851 0.2690950036 -1.209278941  
0.3361769915 0.2714770138 -1.220160961  
0.3674620092 0.2739849985 -1.232738972  
0.398804009 0.2765100002 -1.246361017  
0.4305900037 0.2792910039 -1.262370944  
0.4630259871 0.2823660076 -1.281162024  
0.4958589971 0.2856200039 -1.301983953  
0.5288400054 0.2890279889 -1.324416041  
0.5626199841 0.2926400006 -1.348252058  
0.5967869759 0.296528995 -1.375535965  
0.6325410008 0.3013359904 -1.411717057  
0.6707350016 0.3074499965 -1.46312201  
0.7122610211 0.3151530027 -1.529665947  
39
-0.4583680034 0.2411459982 -1.63835001  
-0.4281089902 0.2340950072 -1.540565968  
-0.398728013 0.2301239967 -1.473263979  
-0.3690550029 0.2276799977 -1.426476002  
-0.339684993 0.2260719985 -1.389917016  
-0.3103809953 0.2247260064 -1.358155012  
-0.2813679874 0.2235929966 -1.329903007  
-0.2521579862 0.2228550017 -1.306149006  
-0.2231400013 0.2224339992 -1.285477042  
-0.1940879971 0.2221910059 -1.26680696  
-0.1652050018 0.2221460044 -1.250344992  
-0.1362770051 0.2222039998 -1.23556006  
-0.1073080003 0.2224220037 -1.222681046  
-0.07848700136 0.2227990031 -1.211604953  
-0.04943500087 0.2232619971 -1.202514052  
-0.02012399957 0.2241789997 -1.197327971  
0.009194999933 0.2252849936 -1.194718957  
0.03852200136 0.2263910025 -1.19254601  
0.0678210035 0.2275390029 -1.19048202  
0.09710600227 0.228745997 -1.189090967  
0.1267589927 0.2300290018 -1.188477039  
0.1561260074 0.2311269939 -1.186534047  
0.1853539944 0.2321050018 -1.183470011  
0.2147630006 0.2332309932 -1.181987047  
0.244513005 0.2347609997 -1.183794022  
0.2745209932 0.2364200056 -1.187757015  
0.3048869967 0.2383189946 -1.194383025  
0.3357700109 0.2405779958 -1.204931974  
0.3670240045 0.2430569977 -1.217712045  
0.3984859884 0.245618999 -1.232130051  
0.430366993 0.248367995 -1.24852097  
0.4625680149 0.2513560057 -1.266968966  
0.4953919947 0.2545880079 -1.288197041  
0.5287879705 0.2580269873 -1.312008977  
0.5624399781 0.261507988 -1.336992979  
0.596724987 0.2653149962 -1.366021991  
0.6329749823 0.2700459957 -1.404446006  
0.6713320017 0.276214987 -1.457926035  
0.7128739953 0.2839699984 -1.525637031  
39
-0.4571529925 0.2081529945 -1.614398956  
-0.4272249937 0.2016129941 -1.514664054  
-0.3977009952 0.1977780014 -1.44669497  
-0.368441999 0.1950650066 -1.39686203  
-0.3392100036 0.193272993 -1.358770967  
-0.3099809885 0.1919849962 -1.327747941  
-0.280813992 0.1912969947 -1.303092957  
-0.2515699863 0.1911530048 -1.283854961  
-0.2223680019 0.1910810024 -1.266872048  
-0.1934760064 0.1911659986 -1.251101017  
-0.1646240056 0.1912290007 -1.236287951  
-0.1356489956 0.1913799942 -1.222319007  
-0.1066420004 0.1917289943 -1.21024096  
-0.07775399834 0.1922239959 -1.200525999  
-0.04871200025 0.1929779947 -1.193570018  
-0.01952799968 0.1939010024 -1.188917994  
0.009693000466 0.1949129999 -1.185567975  
0.039007999 0.1959719956 -1.182567954  
0.06824199855 0.1969889998 -1.17958498  
0.09744299948 0.1980690062 -1.177886009  
0.1271760017 0.199575007 -1.178799033  
0.1568319947 0.2008890063 -1.178701043  
0.1860029995 0.2020079941 -1.17651403  
0.2153239995 0.2031619996 -1.175070047  
0.2449149936 0.2044370025 -1.175654054  
0.2748009861 0.2059990019 -1.178454995  
0.3049960136 0.2078000009 -1.184151053  
0.3356350064 0.209977001 -1.193559051  
0.3665559888 0.2122910023 -1.205186963  
0.3981510103 0.2148510069 -1.219105005  
0.429794997 0.2174929976 -1.234542012  
0.4618540108 0.2202289999 -1.25149405  
0.4946050048 0.2232870013 -1.271769047  
0.5280089974 0.2267470062 -1.296512961  
0.5621190071 0.2304770052 -1.324586987  
0.5969589949 0.2344319969 -1.356456995  
0.6328139901 0.2390729934 -1.396734953  
0.6720589995 0.2452470064 -1.452728033  
0.7135620117 0.2524490058 -1.522264957  
39
-0.4563139975 0.1748369932 -1.581276059  
-0.4265010059 0.1681430042 -1.477625012  
-0.39695099 0.1642969996 -1.410176039  
-0.3677540123 0.1620990038 -1.364573002  
-0.3383210003 0.1610680073 -1.332553983  
-0.3093459904 0.1604879946 -1.30708003  
-0.2799969912 0.1602579951 -1.287160993  
-0.2505970001 0.1603319943 -1.270320058  
-0.2216060013 0.1605419964 -1.254609942  
-0.1927119941 0.1607840061 -1.240105033  
-0.1639399976 0.1610040069 -1.225759983  
-0.1348779947 0.1611469984 -1.211575031  
-0.1060649976 0.1615139991 -1.200559974  
-0.07692299783 0.162270993 -1.193472981  
-0.04790500179 0.1632139981 -1.188644052  
-0.01876600087 0.1641689986 -1.184285998  
0.01054199971 0.1651490033 -1.180263042  
0.03975800052 0.166159004 -1.176769018  
0.0690170005 0.1671610028 -1.173200965  
0.09832099825 0.1682800055 -1.171350002  
0.1278599948 0.1697030067 -1.17296505  
0.1576540023 0.1712930053 -1.175068974  
0.1870979965 0.1724359989 -1.173686981  
0.2163279951 0.173574999 -1.172379971  
0.2458830029 0.1749310046 -1.172201037  
0.2755439878 0.176285997 -1.17316699  
0.3055950105 0.1779199988 -1.178169012  
0.3362149894 0.1798759997 -1.186689019  
0.3669260144 0.1819259971 -1.196656942  
0.3981660008 0.1841640025 -1.208691955  
0.4294750094 0.1865539998 -1.222092032  
0.4610959888 0.1890240014 -1.236359954  
0.4931190014 0.1916400045 -1.252987981  
0.5263609886 0.1949660033 -1.275804043  
0.5607169867 0.1988379955 -1.304877043  
0.5958960056 0.2030259967 -1.340332031  
0.6327210069 0.2078800052 -1.385035038  
0.6721590161 0.2139510065 -1.444497943  
0.7144280076 0.2213889956 -1.518422961  
39
-0.4548999965 0.1402329952 -1.535238981  
-0.4256269932 0.1347640008 -1.441064954  
-0.3961459994 0.1322519928 -1.38567698  
-0.3667770028 0.1308909953 -1.347741961  
-0.337559998 0.1303350031 -1.319293976  
-0.3082920015 0.1300359964 -1.296866059  
-0.2789100111 0.1303060055 -1.279348016  
-0.2496829927 0.1303360015 -1.262135029  
-0.2210160047 0.1302759945 -1.246220946  
-0.1918309927 0.1307390034 -1.23348403  
-0.1629019976 0.1310009956 -1.220657945  
-0.133949995 0.1313949972 -1.20926404  
-0.1050269976 0.1321289986 -1.201239944  
-0.07577099651 0.1330430061 -1.194826007  
-0.04660899937 0.1339569986 -1.189582944  
-0.01745600067 0.134867996 -1.185135961  
0.01190599985 0.1357740015 -1.180613995  
0.04100000113 0.1368200034 -1.175606966  
0.07004400343 0.1376270056 -1.17058301  
0.09917599708 0.138725996 -1.168545008  
0.1289760023 0.1403229982 -1.171661019  
0.1588770002 0.1419270039 -1.175675035  
0.1883109957 0.1430799961 -1.174900055  
0.2178860009 0.1443500072 -1.173822999  
0.2471179962 0.1455429941 -1.172899961  
0.2763899863 0.1466560066 -1.171759009  
0.3062779903 0.1481969953 -1.174852967  
0.3366670012 0.1501370072 -1.181404948  
0.367253989 0.1519429982 -1.18966496  
0.398593992 0.1542029977 -1.201571941  
0.4298940003 0.156397 -1.213793993  
0.460875988 0.1584710032 -1.224622011  
0.4922170043 0.1606100053 -1.237460017  
0.5245850086 0.1632100046 -1.255316019  
0.5578119755 0.1663960069 -1.279778004  
0.5931540132 0.1704739928 -1.314586043  
0.6309480071 0.1757580042 -1.363093972  
0.6714789867 0.1823389977 -1.429497004  
0.7145720124 0.189962998 -1.510776043  
40
-0.484544009 0.1159159988 -1.645334005  
-0.4541809857 0.1071209982 -1.501294017  
-0.4246999919 0.1035960019 -1.425565004  
-0.3952859938 0.1022159979 -1.382748008  
-0.3655590117 0.1013669968 -1.35118103  
-0.3363740146 0.1007449999 -1.324231982  
-0.306885004 0.1004199982 -1.30162394  
-0.2778939903 0.1005500033 -1.283738017  
-0.2487030029 0.1008030027 -1.26867497  
-0.2195439935 0.1014840007 -1.256348968  
-0.1899099946 0.1024110019 -1.248386979  
-0.1607449949 0.1032880023 -1.238484979  
-0.1321630031 0.1039989963 -1.227009058  
-0.1026080027 0.1046079993 -1.218225956  
-0.07373200357 0.1049460024 -1.208402038  
-0.04489300027 0.1055909991 -1.199329972  
-0.0158220008 0.1064720005 -1.192448974  
0.01305400021 0.1073980033 -1.185495019  
0.04222499952 0.1080809981 -1.17792201  
0.07125099748 0.108870998 -1.171805978  
0.1005719975 0.1100670025 -1.17000401  
0.130381003 0.1117120013 -1.174399972  
0.1603849977 0.1134060025 -1.180356026  
0.1901179999 0.1146039963 -1.18078196  
0.2195110023 0.1156829968 -1.180070996  
0.248823002 0.1170570031 -1.180544019  
0.2785789967 0.1183430031 -1.180544019  
0.3079360127 0.1195150018 -1.181298018  
0.3378350139 0.120885998 -1.184674978  
0.3679350019 0.1224000007 -1.189442039  
0.3987700045 0.1242379993 -1.196611047  
0.4303300083 0.1264729947 -1.207273006  
0.4611749947 0.1282410026 -1.216966033  
0.4924640059 0.1304209977 -1.229257941  
0.5242810249 0.132829994 -1.245350003  
0.5569509864 0.1354900002 -1.265061975  
0.5912070274 0.1387249976 -1.292554021  
0.6276029944 0.1430869997 -1.335548997  
0.6687589884 0.1496700048 -1.405001998  
0.7139620185 0.1581809968 -1.499191999  
40
-0.4832159877 0.08252999932 -1.611945987  
-0.4525249898 0.07621199638 -1.492352009  
-0.4235219955 0.07423000038 -1.434391022  
-0.3937099874 0.07309100032 -1.395810962  
-0.3642480075 0.07264900208 -1.365095019  
-0.3348549902 0.07244200259 -1.339061022  
-0.3053250015 0.07243700325 -1.318750024  
-0.2759070098 0.07274699956 -1.303753972  
-0.2467180043 0.07326500118 -1.293135047  
-0.2171169966 0.07386600226 -1.285344958  
-0.1875980049 0.07479599863 -1.280562043  
-0.1579769999 0.07551000267 -1.274484038  
-0.1288650036 0.07573600113 -1.264747024  
-0.09934300184 0.07605300099 -1.254096031  
-0.07032799721 0.07639499754 -1.240347981  
-0.04208799824 0.07653799653 -1.224205971  
-0.0135549996 0.07692400366 -1.209614992  
0.01515199989 0.0772870034 -1.196416974  
0.04408299923 0.07771900296 -1.185467005  
0.07287400216 0.07832799852 -1.177481055  
0.1020610034 0.07955600321 -1.175600052  
0.132167995 0.08140199631 -1.18136704  
0.1625239998 0.08334799856 -1.190083027  
0.1925130039 0.08495900035 -1.194545031  
0.2218279988 0.08651000261 -1.196990967  
0.2519299984 0.08823399991 -1.201524973  
0.2822630107 0.08991900086 -1.20638001  
0.3119339943 0.0916050002 -1.210028052  
0.3429050148 0.09347999841 -1.212082982  
0.3722090125 0.09489700198 -1.212056041  
0.4015910029 0.0960580036 -1.210644007  
0.4318720102 0.09764800221 -1.214661956  
0.4626579881 0.09935300052 -1.221389055  
0.4938049912 0.1013080031 -1.23172605  
0.5259379745 0.1037070006 -1.248188972  
0.5589429736 0.1060919985 -1.267045021  
0.5917559862 0.1085529998 -1.288220048  
0.6263430119 0.1120619997 -1.321684957  
0.665530026 0.1173319966 -1.383154988  
0.7138159871 0.1265240014 -1.487252951  
40
-0.4819439948 0.05079099908 -1.599480987  
-0.4512279928 0.04665400088 -1.504070044  
-0.4220420122 0.04546099901 -1.454131007  
-0.3920690119 0.04446600005 -1.417726994  
-0.3625639975 0.04327800125 -1.386137962  
-0.3325780034 0.04253700003 -1.359791994  
-0.303072989 0.04253099859 -1.339862943  
-0.2734270096 0.04273499921 -1.325021029  
-0.2446040064 0.0434160009 -1.315624952  
-0.2148749977 0.0445589982 -1.311390042  
-0.1849720031 0.04583499953 -1.311025023  
-0.1547379941 0.04707600176 -1.311113954  
-0.1252840012 0.04822700098 -1.308634043  
-0.09548199922 0.0493949987 -1.302373052  
-0.06632699817 0.04999199882 -1.289286017  
-0.03839699924 0.04987299815 -1.266124964  
-0.01067799982 0.04929000139 -1.236425996  
0.01741000079 0.04902699962 -1.211084962  
0.04588599876 0.04917800054 -1.193263054  
0.0744690001 0.04973400012 -1.18215704  
0.1036050022 0.05088299885 -1.180125952  
0.1339440048 0.05249999836 -1.187152028  
0.1646129936 0.0545979999 -1.200502992  
0.1955820024 0.05679300055 -1.215564966  
0.2261559963 0.0588620007 -1.230556011  
0.2577930093 0.06098200008 -1.24426198  
0.2885160148 0.06259299815 -1.251963973  
0.3183969855 0.0639109984 -1.253538966  
0.348262012 0.06484799832 -1.249384046  
0.3775019944 0.06572499871 -1.243728042  
0.406783998 0.06674599648 -1.239822984  
0.436473012 0.06805100292 -1.239318013  
0.4668279886 0.06966300309 -1.242015958  
0.4974899888 0.07151699811 -1.249452949  
0.5292980075 0.07405500114 -1.263085961  
0.5621089935 0.0770329982 -1.281237006  
0.5952529907 0.08000399917 -1.302059054  
0.6292489767 0.08293099701 -1.330800056  
0.6672490239 0.08711499721 -1.382401943  
0.7136440277 0.09499199688 -1.479823947  
40
-0.4810799956 0.02021200024 -1.601485014  
-0.4502649903 0.01700199954 -1.525280952  
-0.4199120104 0.01537900046 -1.481230974  
-0.3901259899 0.01455099974 -1.447510004  
-0.3608019948 0.01424199995 -1.412325025  
-0.3311949968 0.0138389999 -1.379040003  
-0.3017599881 0.01413199957 -1.357102036  
-0.2724260092 0.01467599999 -1.344930053  
-0.2426249981 0.01570199989 -1.338296056  
-0.2128079981 0.01667900011 -1.333665967  
-0.1826220006 0.01810500026 -1.335618973  
-0.1526830047 0.01936900057 -1.337262988  
-0.1226459965 0.02076499909 -1.338114977  
-0.09287899733 0.0219630003 -1.335168004  
-0.06307499856 0.02274299972 -1.327218056  
-0.03404600173 0.02298700064 -1.308858991  
-0.007137000095 0.02180800028 -1.268520951  
0.01944600046 0.0202290006 -1.223047972  
0.04694199935 0.01989799924 -1.193799019  
0.07571200281 0.02034999989 -1.178905964  
0.1046259999 0.02138799988 -1.176440001  
0.1350270063 0.02315500006 -1.185940027  
0.166455999 0.02570600063 -1.208359003  
0.1992049962 0.02899600007 -1.242707968  
0.2323639989 0.03239800036 -1.274824977  
0.2638620138 0.03457299992 -1.290266037  
0.2941420078 0.0360939987 -1.293179989  
0.3241319954 0.0370239988 -1.28836596  
0.3530989885 0.03779000044 -1.27898705  
0.3811619878 0.038364999 -1.268916011  
0.4101540148 0.03908599913 -1.26098001  
0.439617008 0.03992500156 -1.257339954  
0.4699169993 0.04127600044 -1.259757042  
0.5009319782 0.04300000146 -1.267897964  
0.5329499841 0.04494199902 -1.281332016  
0.5656350255 0.04718500003 -1.30031395  
0.59888798 0.04986299947 -1.324298978  
0.6335510015 0.0532479994 -1.352571964  
0.6707360148 0.05811199918 -1.396890998  
0.7151089907 0.0646020025 -1.481140971  
41
-0.479110986 -0.01103799976 -1.607578039  
-0.4482490122 -0.01293199975 -1.548385978  
-0.4186689854 -0.01328799967 -1.508816004  
-0.3889069855 -0.01340499986 -1.475358963  
-0.3593359888 -0.01476399973 -1.429373026  
-0.3291560113 -0.01536700036 -1.396054029  
-0.2994610071 -0.01500499994 -1.378025055  
-0.2705860138 -0.01431799959 -1.36689496  
-0.240575999 -0.01292499993 -1.363140941  
-0.2113440037 -0.01230600011 -1.357666969  
-0.1804219931 -0.0109339999 -1.355487943  
-0.1504759938 -0.009707000107 -1.357215047  
-0.1205509976 -0.008159999736 -1.362084031  
-0.09048499912 -0.006910999771 -1.358798027  
-0.06069299951 -0.00627399981 -1.348325968  
-0.03154300153 -0.005669999868 -1.331289053  
-0.004592000041 -0.006692999974 -1.286422968  
0.02028699964 -0.009335000068 -1.221743941  
0.04687999934 -0.01044999994 -1.179965973  
0.0752189979 -0.01008099969 -1.162714958  
0.1044349968 -0.008941000327 -1.160665035  
0.1349219978 -0.007029000204 -1.17356205  
0.1674900055 -0.003911000211 -1.209141016  
0.203482002 0.000875000027 -1.266968966  
0.2372040004 0.004364000168 -1.307615042  
0.2680499852 0.00616700016 -1.318861961  
0.2978900075 0.007480000146 -1.319947958  
0.3276169896 0.008258000016 -1.31380105  
0.3563140035 0.009022000246 -1.302446008  
0.3850319982 0.009952000342 -1.293048024  
0.4142000079 0.01063199993 -1.283416033  
0.4432150126 0.01158099994 -1.279332995  
0.4731920063 0.0129519999 -1.281555057  
0.5046809912 0.01451199967 -1.288017035  
0.5363500118 0.01645000093 -1.301277041  
0.5698249936 0.01900799945 -1.322844028  
0.6041160226 0.0217969995 -1.349830985  
0.6390399933 0.02445800044 -1.379809022  
0.6742910147 0.02753699943 -1.418660045  
0.7178320289 0.03420500085 -1.490762949  
0.7655879855 0.04186299816 -1.597488046  
41
-0.4777370095 -0.04159000143 -1.613579988  
-0.4472010136 -0.04238399863 -1.564870954  
-0.4170570076 -0.04283599928 -1.528221011  
-0.3875890076 -0.04298799857 -1.492974043  
-0.3578079939 -0.0449969992 -1.442453027  
-0.3275460005 -0.04467799887 -1.412660956  
-0.2983829975 -0.04426699877 -1.392560959  
-0.2691789865 -0.04396599904 -1.375530958  
-0.238579005 -0.04289799929 -1.370581985  
-0.2089260072 -0.04174099863 -1.366937995  
-0.1790129989 -0.04076299816 -1.361925006  
-0.1490059942 -0.03920999914 -1.36601603  
-0.1181989983 -0.03714599833 -1.376255035  
-0.08751700073 -0.03593200073 -1.373878002  
-0.05928400159 -0.03582499921 -1.355448008  
-0.03053699993 -0.0356739983 -1.330863953  
-0.004333999939 -0.03699700162 -1.275833964  
0.01970200054 -0.04040699825 -1.197350025  
0.04610799998 -0.04149800166 -1.153457046  
0.07412599772 -0.04094000161 -1.138407946  
0.1035040021 -0.03984399885 -1.136762977  
0.133682996 -0.03793200105 -1.150367975  
0.166888997 -0.03440599889 -1.19500196  
0.2051970065 -0.02856599912 -1.272776961  
0.2395109981 -0.02487999946 -1.319656014  
0.2700900137 -0.0233079996 -1.331691027  
0.3014490008 -0.02143600024 -1.340564966  
0.3314799964 -0.02050499991 -1.335634947  
0.3592340052 -0.02021300048 -1.320163012  
0.3888849914 -0.01925300062 -1.31248796  
0.4190239906 -0.01811300032 -1.308014989  
0.448397994 -0.01715200022 -1.304322958  
0.47844401 -0.01596499979 -1.306267977  
0.5091990232 -0.01414300036 -1.313652039  
0.5412229896 -0.0120430002 -1.327291012  
0.5753750205 -0.009499000385 -1.352190018  
0.6098300219 -0.006798000075 -1.380892038  
0.6452180147 -0.003856000025 -1.410338044  
0.6801739931 -0.0008420000086 -1.44591403  
0.7203800082 0.003170999931 -1.504016995  
0.7660449743 0.009901000187 -1.594447017  
41
-0.5076140165 -0.07146099955 -1.671638012  
-0.4769699872 -0.07224299759 -1.613499999  
-0.4457969964 -0.07290299982 -1.570343018  
-0.4153670073 -0.0731529966 -1.533980966  
-0.3857760131 -0.07344599813 -1.498932004  
-0.3556230068 -0.0742380023 -1.454445004  
-0.3268199861 -0.07485000044 -1.414773941  
-0.297547996 -0.07463999838 -1.390066028  
-0.2680000067 -0.07417599857 -1.373162985  
-0.2378800064 -0.07347799838 -1.363374949  
-0.2081570029 -0.07247100025 -1.357990026  
-0.1784279943 -0.07126200199 -1.356148005  
-0.1481450051 -0.06985399872 -1.357856035  
-0.1176280007 -0.06844700128 -1.361436009  
-0.08742400259 -0.06714099646 -1.359454036  
-0.05869600177 -0.06665500253 -1.342326999  
-0.03050200082 -0.06682199985 -1.307958961  
-0.005898000207 -0.06904599816 -1.237769961  
0.01776299998 -0.07202100009 -1.160084963  
0.04482299834 -0.07223799825 -1.124868035  
0.07332599908 -0.07149299979 -1.113052011  
0.1023920029 -0.07036200166 -1.111986995  
0.1327590048 -0.06861999631 -1.124536037  
0.1654870063 -0.0654399991 -1.168519974  
0.2047419995 -0.05919599906 -1.254974008  
0.2394089997 -0.0555189997 -1.310443044  
0.27116099 -0.05345600098 -1.328722  
0.3027879894 -0.05140199885 -1.339601994  
0.3323769867 -0.05047300085 -1.334993005  
0.3606649935 -0.05006700009 -1.322057009  
0.3898789883 -0.04942899942 -1.314160943  
0.4204399884 -0.04828000069 -1.313333035  
0.4504570067 -0.04691800103 -1.312481999  
0.4807679951 -0.0453899987 -1.317057014  
0.5126439929 -0.04341199994 -1.331220031  
0.5460529923 -0.04132600129 -1.349738955  
0.58059901 -0.03848199919 -1.378653049  
0.6498929858 -0.03298300132 -1.436460972  
0.6855250001 -0.03015699983 -1.470525026  
0.7238960266 -0.02668300085 -1.516492009  
0.7649809718 -0.02232499979 -1.58829999  
42
-0.5061810017 -0.1030760035 -1.653146982  
-0.4754000008 -0.1037349999 -1.601755023  
-0.444896996 -0.1039479971 -1.562064052  
-0.414665997 -0.1041150019 -1.526419997  
-0.3846729994 -0.1044180021 -1.491343975  
-0.354941994 -0.104764998 -1.453719974  
-0.325379014 -0.1051499993 -1.416198969  
-0.2961120009 -0.1051310003 -1.388327003  
-0.2668260038 -0.1047009975 -1.37044096  
-0.2369610071 -0.1038379967 -1.359616995  
-0.2072480023 -0.1027820036 -1.353561044  
-0.1777179986 -0.1016300023 -1.352072001  
-0.147458002 -0.100345999 -1.351858974  
-0.1173179969 -0.09916999936 -1.349712968  
-0.08710700274 -0.09804899991 -1.342264056  
-0.05891500041 -0.09774000198 -1.319002032  
-0.03212900087 -0.09862200171 -1.269541025  
-0.00820000004 -0.1010480002 -1.192633986  
0.01664800011 -0.102632001 -1.128764033  
0.04391000047 -0.1024039984 -1.100031018  
0.07256100327 -0.1015900001 -1.089694977  
0.1016099975 -0.1003279984 -1.090659022  
0.1321240067 -0.09867399931 -1.103811979  
0.1640899926 -0.0960649997 -1.140550017  
0.2013500035 -0.09114400297 -1.217497945  
0.2385540009 -0.08656799793 -1.286782026  
0.2706030011 -0.08440600336 -1.312401056  
0.3010450006 -0.08306600153 -1.319228053  
0.3306809962 -0.08192899823 -1.316812992  
0.3603569865 -0.08092100173 -1.31093204  
0.3899730146 -0.07989999652 -1.30645597  
0.4198690057 -0.07865899801 -1.305943012  
0.4507359862 -0.07720199972 -1.309028983  
0.4816429913 -0.07556399703 -1.31684196  
0.5136380196 -0.07369399816 -1.330721021  
0.5464100242 -0.07156199962 -1.353036046  
0.5830659866 -0.06824400276 -1.389592052  
0.6187509894 -0.06529799849 -1.42473197  
0.6533920169 -0.06286899745 -1.45213306  
0.6891450286 -0.06015200168 -1.48448205  
0.7260040045 -0.05709299818 -1.523551941  
0.7652639747 -0.05342900008 -1.583454967  
42
-0.5051839948 -0.1348820031 -1.634642005  
-0.4742960036 -0.1355260015 -1.58257103  
-0.4436860085 -0.1356460005 -1.542323947  
-0.4137189984 -0.1356830001 -1.508949041  
-0.3836660087 -0.1355800033 -1.478358984  
-0.354102999 -0.1354230046 -1.449735999  
-0.324187994 -0.1351090074 -1.422448993  
-0.2944880128 -0.1348209977 -1.398305058  
-0.2646769881 -0.1342979968 -1.380390048  
-0.2353460044 -0.133423999 -1.368945956  
-0.2059459984 -0.1325069964 -1.361713052  
-0.1756339967 -0.1313620061 -1.357573032  
-0.1459230036 -0.1302150041 -1.353217006  
-0.1163740009 -0.1292890012 -1.343950033  
-0.0873330012 -0.1287119985 -1.325626016  
-0.05944800004 -0.1288640052 -1.290449023  
-0.03364900127 -0.1300649941 -1.230941057  
-0.009011000395 -0.1315969974 -1.161288977  
0.01608199999 -0.1326739937 -1.105694056  
0.04320799932 -0.1325729936 -1.075996041  
0.07161000371 -0.1317940056 -1.064883947  
0.100541003 -0.1304350048 -1.068037033  
0.1314010024 -0.1285309941 -1.085201979  
0.1637469977 -0.1259530038 -1.120702982  
0.1987619996 -0.1223670021 -1.181566  
0.2358720005 -0.1179829985 -1.252133965  
0.2696720064 -0.1152779981 -1.291210055  
0.3010210097 -0.1134169996 -1.306861043  
0.3314189911 -0.1120980009 -1.310544014  
0.360792011 -0.1111140028 -1.30725801  
0.3905909956 -0.1099729985 -1.303882957  
0.4203340113 -0.1087979972 -1.303115964  
0.4508349895 -0.1074440032 -1.306144953  
0.4820550084 -0.1058769971 -1.314178944  
0.5139240026 -0.1040730029 -1.327937961  
0.5477619767 -0.1018539965 -1.352370024  
0.583296001 -0.09902799875 -1.387596965  
0.6194149852 -0.09607099742 -1.423109055  
0.654169023 -0.09362400323 -1.452986956  
0.690106988 -0.09089999646 -1.484848022  
0.7268199921 -0.08799599856 -1.52294004  
0.7661269903 -0.08462300152 -1.577782989  
42
-0.5036860108 -0.166651994 -1.613728046  
-0.4730240107 -0.1672410071 -1.558925033  
-0.4425719976 -0.1673049927 -1.517794967  
-0.4126040041 -0.166989997 -1.487877011  
-0.3825550079 -0.1665499955 -1.463711023  
-0.3526520133 -0.1659869999 -1.443964958  
-0.3228830099 -0.1653629988 -1.42563498  
-0.2931619883 -0.1646869928 -1.40773499  
-0.2635520101 -0.163955003 -1.391993046  
-0.2340490073 -0.1631560028 -1.378968  
-0.2044660002 -0.162312001 -1.368687987  
-0.1746069938 -0.1612900048 -1.360525966  
-0.1454100013 -0.1603810042 -1.349603057  
-0.1162469983 -0.1597809941 -1.33169198  
-0.08747900277 -0.1593780071 -1.305397034  
-0.06004400179 -0.1596499979 -1.26312995  
-0.03432200104 -0.1607310027 -1.204100966  
-0.009308000095 -0.1618030071 -1.139021039  
0.01580500044 -0.1626449972 -1.082062006  
0.04230099916 -0.1627050042 -1.049577951  
0.0702489987 -0.1619870067 -1.036674023  
0.09921699762 -0.1605799943 -1.04056704  
0.1301899999 -0.1586160064 -1.061668038  
0.1631519943 -0.1559289992 -1.102450013  
0.1975799948 -0.1528259963 -1.15792501  
0.2331770062 -0.1490830034 -1.219449043  
0.2677769959 -0.1462350041 -1.264567018  
0.2997919917 -0.1441659927 -1.288900018  
0.3316740096 -0.1422969997 -1.303661942  
0.3620660007 -0.1409139931 -1.308848977  
0.3922309875 -0.1397520006 -1.309700012  
0.4225870073 -0.138481006 -1.311043024  
0.453087002 -0.1371009946 -1.315081954  
0.4843080044 -0.1355829984 -1.323093057  
0.5163440108 -0.1338690072 -1.336496949  
0.5496259928 -0.1318950057 -1.356623054  
0.5835210085 -0.1296429932 -1.383098006  
0.6190209985 -0.1270599961 -1.413946986  
0.6535840034 -0.124718003 -1.442931056  
0.6891300082 -0.122304 -1.47380197  
0.7266370058 -0.1195299998 -1.51354301  
0.7664819956 -0.1161070019 -1.568619967  
42
-0.502210021 -0.198386997 -1.591331005  
-0.4718140066 -0.1986870021 -1.536267042  
-0.4413889945 -0.1986069977 -1.495970964  
-0.4117070138 -0.1981859952 -1.467949986  
-0.3818509877 -0.1974589974 -1.448122025  
-0.3515680134 -0.1964260042 -1.436089993  
-0.3214609921 -0.1955530047 -1.423956037  
-0.2918030024 -0.1947440058 -1.409497976  
-0.2622700036 -0.194058001 -1.394415021  
-0.232784003 -0.1932689995 -1.381559968  
-0.2034080029 -0.1923760027 -1.370020986  
-0.173585996 -0.1914519966 -1.356950998  
-0.1446859986 -0.1908760071 -1.339002967  
-0.1157070026 -0.1904589981 -1.317718983  
-0.08717799932 -0.1899980009 -1.288584948  
-0.05983399972 -0.1903820038 -1.242099047  
-0.03444600105 -0.1909189969 -1.182883978  
-0.01018199977 -0.1918870062 -1.111400008  
0.01457600016 -0.1927160025 -1.052132964  
0.04137299955 -0.1924609989 -1.021059036  
0.06934999675 -0.1918410063 -1.008020997  
0.0978249982 -0.1905920058 -1.010251045  
0.1284160018 -0.1886370033 -1.029669046  
0.161736995 -0.1859609932 -1.074537992  
0.1972720027 -0.1827069968 -1.138651013  
0.2316800058 -0.179727003 -1.197088003  
0.2665910125 -0.1768489927 -1.243780017  
0.2989139855 -0.1748680025 -1.271314025  
0.3310559988 -0.1729059964 -1.289594054  
0.3625710011 -0.1711239964 -1.303486943  
0.3937599957 -0.1696889997 -1.312008977  
0.4244610071 -0.1682980061 -1.317901015  
0.4557119906 -0.1667169929 -1.324815035  
0.4868699908 -0.1652439982 -1.333628058  
0.5187559724 -0.1636019945 -1.345705986  
0.5507689714 -0.1619119942 -1.361045003  
0.5843020082 -0.1600120068 -1.379830003  
0.6180340052 -0.1579940021 -1.402168036  
0.6520479918 -0.1559389979 -1.426344037  
0.6871349812 -0.1537400037 -1.455615997  
0.7242040038 -0.1511120051 -1.496544003  
0.7650660276 -0.1478279978 -1.555802941  
42
-0.5009499788 -0.2296539992 -1.573153973  
-0.470791012 -0.2298309952 -1.519840002  
-0.4404569864 -0.2296089977 -1.48171401  
-0.4106369913 -0.2291059941 -1.454561949  
-0.3804729879 -0.2283090055 -1.435744047  
-0.3506470025 -0.227354005 -1.424584031  
-0.3205870092 -0.2263489962 -1.415297985  
-0.2908270061 -0.2254019976 -1.40458405  
-0.2610319853 -0.2244129926 -1.392256975  
-0.2315520048 -0.2234919965 -1.379740953  
-0.2021410018 -0.2226939946 -1.363845944  
-0.1730179936 -0.2221540064 -1.344954967  
-0.1441310048 -0.2213679999 -1.325696945  
-0.1152620018 -0.2206780016 -1.304883957  
-0.08682800084 -0.2203100026 -1.274041057  
-0.05996700004 -0.2203460038 -1.226691008  
-0.03477400169 -0.2208520025 -1.160159945  
-0.01196299959 -0.2222709954 -1.075188041  
0.01372199971 -0.2227219939 -1.020009995  
0.04035599902 -0.2221979946 -0.9945610166  
0.06826200336 -0.2212760001 -0.9835330248  
0.09655799717 -0.2201440036 -0.9837470055  
0.1262499988 -0.2186699957 -0.9969639778  
0.1586080045 -0.2163600028 -1.036491036  
0.1960159987 -0.2126400024 -1.112633944  
0.231498003 -0.2096070051 -1.18167305  
0.2661280036 -0.2070840001 -1.228785038  
0.2984220088 -0.2051050067 -1.258273005  
0.3303340077 -0.2034740001 -1.275635004  
0.3621250093 -0.2017959952 -1.291561961  
0.39388901 -0.1999869943 -1.30685997  
0.4252189994 -0.1985359937 -1.317988992  
0.4564799964 -0.1971540004 -1.326359034  
0.4877130091 -0.1955859959 -1.335729957  
0.5196369886 -0.1940180063 -1.346807003  
0.5516909957 -0.1922989935 -1.358778  
0.5839310288 -0.1906570047 -1.371404052  
0.6160889864 -0.1889259964 -1.386106014  
0.6499069929 -0.1870730072 -1.406213045  
0.6847530007 -0.184946999 -1.435667992  
0.7222459912 -0.182408005 -1.479159951  
0.7638310194 -0.1791750044 -1.543342948  
42
-0.4998269975 -0.261070013 -1.560773969  
-0.4696339965 -0.2607550025 -1.509569049  
-0.4394760132 -0.2602699995 -1.473513007  
-0.4091970026 -0.2595640123 -1.446308017  
-0.3794969916 -0.2588270009 -1.426236033  
-0.3499299884 -0.2578760087 -1.412104011  
-0.3201859891 -0.2568489909 -1.401458979  
-0.2904340029 -0.2558459938 -1.391620994  
-0.2602930069 -0.2548319995 -1.380303025  
-0.2310280055 -0.2539710104 -1.36572504  
-0.2015080005 -0.2532379925 -1.347450972  
-0.1727070063 -0.2524229884 -1.329594016  
-0.1437489986 -0.2515949905 -1.31279099  
-0.1149450019 -0.2507869899 -1.292852998  
-0.08693800122 -0.250357002 -1.26196301  
-0.05984799936 -0.2501659989 -1.215548992  
-0.03534799814 -0.2507250011 -1.136266947  
-0.01295099966 -0.2521750033 -1.044736028  
0.01279599965 -0.252034992 -0.9971569777  
0.03962200135 -0.2513610125 -0.9741380215  
0.067524001 -0.2504740059 -0.9640110135  
0.09604299814 -0.2493399978 -0.9636160135  
0.1252879947 -0.248003006 -0.9735770226  
0.1561529934 -0.2461809963 -1.004369974  
0.193005994 -0.2429060042 -1.080358028  
0.231227994 -0.239428997 -1.167824984  
0.2655529976 -0.2370129973 -1.217736959  
0.2985779941 -0.2350739986 -1.247951984  
0.3301509917 -0.2335039973 -1.265015006  
0.3610740006 -0.2320040017 -1.277951956  
0.393103987 -0.2303480059 -1.293843985  
0.4252600074 -0.2287199944 -1.310482979  
0.4572370052 -0.227188006 -1.322718024  
0.4886389971 -0.2257480025 -1.332769036  
0.5198950171 -0.2243340015 -1.34136498  
0.5513920188 -0.2229090035 -1.348806977  
0.5827260017 -0.2215940058 -1.357067943  
0.6146339774 -0.2201370001 -1.369387984  
0.6480749846 -0.2183839977 -1.389407039  
0.6828950047 -0.2163020074 -1.419317007  
0.7209399939 -0.2137140036 -1.464380026  
0.7623220086 -0.210552007 -1.531268954  
42
-0.4987680018 -0.2917239964 -1.554715991  
-0.468125999 -0.2912560105 -1.504955053  
-0.4383380115 -0.2906790078 -1.469390988  
-0.4085380137 -0.2899259925 -1.441660047  
-0.3787870109 -0.2891100049 -1.419687033  
-0.3487400115 -0.288150996 -1.401968956  
-0.3193080127 -0.2872020006 -1.387995005  
-0.289696008 -0.2862130105 -1.374886036  
-0.2600690126 -0.2852909863 -1.361312032  
-0.2305260003 -0.2843630016 -1.34662199  
-0.2011139989 -0.2834840119 -1.331022024  
-0.172032997 -0.2825469971 -1.315718055  
-0.1430850029 -0.2816520035 -1.301051021  
-0.114252001 -0.2808310091 -1.28294003  
-0.08608800173 -0.280223012 -1.255206943  
-0.05905200168 -0.2796910107 -1.205499053  
-0.03660900146 -0.2808110118 -1.104869008  
-0.01329900045 -0.2814210057 -1.020125985  
0.01271899976 -0.2809379995 -0.9799759984  
0.03941899911 -0.2802489996 -0.958739996  
0.06722500175 -0.2794150114 -0.9493790269  
0.09576600045 -0.2782770097 -0.9493229985  
0.1245810017 -0.2768979967 -0.958130002  
0.1552859992 -0.275274992 -0.9828559756  
0.1895750016 -0.2728630006 -1.046169043  
0.230716005 -0.2691279948 -1.15110302  
0.2658340037 -0.2668949962 -1.212399006  
0.2985880077 -0.2649919987 -1.239572048  
0.3298189938 -0.263507992 -1.255555987  
0.3608010113 -0.2621259987 -1.26642704  
0.3919839859 -0.2607060075 -1.278468966  
0.4238379896 -0.2591379881 -1.293601036  
0.4562529922 -0.257476002 -1.308451056  
0.4879800081 -0.2559899986 -1.320673943  
0.5189409852 -0.2546960115 -1.328564048  
0.5495179892 -0.2534080148 -1.334529042  
0.5811830163 -0.25207901 -1.343091011  
0.613270998 -0.250575006 -1.357056022  
0.6470879912 -0.2488819957 -1.378414989  
0.6822190285 -0.2470220029 -1.408861041  
0.7197980285 -0.2447479963 -1.453268051  
0.7613840103 -0.2420829982 -1.521700978  
41
-0.4972169995 -0.3224479854 -1.554762959  
-0.4666810036 -0.3217610121 -1.505264997  
-0.4371199906 -0.3210119903 -1.468140006  
-0.4072639942 -0.3202790022 -1.437922955  
-0.3776560128 -0.3193989992 -1.413527012  
-0.3479569852 -0.3185800016 -1.393113017  
-0.3181230128 -0.3176169991 -1.376024961  
-0.2887769938 -0.3166539967 -1.360699058  
-0.2593559921 -0.3156529963 -1.345798969  
-0.2298099995 -0.3147050142 -1.33148396  
-0.2009460032 -0.3137600124 -1.317929029  
-0.1718479991 -0.3127439916 -1.305986047  
-0.142482996 -0.3117299974 -1.294589996  
-0.113090001 -0.3107790053 -1.279651999  
-0.08491499722 -0.3098619878 -1.251368999  
-0.06056199968 -0.3097740114 -1.171499014  
-0.0387860015 -0.3106749952 -1.065296054  
-0.01368299965 -0.3102790117 -1.003890038  
0.0126550002 -0.3096210063 -0.9700160027  
0.03970900178 -0.3087309897 -0.9502609968  
0.06768199801 -0.307723999 -0.9425169826  
0.09571699798 -0.3066909909 -0.9425860047  
0.1247560009 -0.3053430021 -0.9499049783  
0.1551900059 -0.3039770126 -0.970246017  
0.187123999 -0.3022890091 -1.013133049  
0.2274000049 -0.2991659939 -1.111871958  
0.2671110034 -0.2964630127 -1.206871033  
0.2988849878 -0.2949999869 -1.235499978  
0.3296949863 -0.2936089933 -1.247655988  
0.3603729904 -0.2922579944 -1.256679058  
0.3914220035 -0.2908320129 -1.26594305  
0.4223789871 -0.289478004 -1.276247025  
0.4540320039 -0.2880800068 -1.28826797  
0.4858979881 -0.2866069973 -1.300894022  
0.5173900127 -0.285142988 -1.311617017  
0.548807025 -0.2837609947 -1.321362972  
0.5804899931 -0.2823530138 -1.333156943  
0.612883985 -0.2808279991 -1.349611998  
0.6467599869 -0.2792649865 -1.372228026  
0.6822950244 -0.2774710059 -1.403705955  
0.7191619873 -0.2754690051 -1.447929978  
40
-0.4657379985 -0.3522189856 -1.509832978  
-0.4356049895 -0.3515509963 -1.469357014  
-0.4058350027 -0.350654006 -1.435829043  
-0.3763859868 -0.3497059941 -1.408347011  
-0.346976012 -0.3487670124 -1.38557601  
-0.3174079955 -0.3477970064 -1.367164969  
-0.2879680097 -0.3467530012 -1.350968003  
-0.2586030066 -0.3457599878 -1.335729003  
-0.2293560058 -0.3446440101 -1.322147965  
-0.2002110034 -0.3436479867 -1.31073904  
-0.1707379967 -0.3425140083 -1.302484989  
-0.1411529928 -0.3413969874 -1.29392302  
-0.1120690033 -0.3403629959 -1.282063007  
-0.08525899798 -0.3394620121 -1.230713964  
-0.06362099946 -0.3398750126 -1.118983984  
-0.03895200044 -0.3395130038 -1.044993997  
-0.01295000035 -0.3388229907 -1.003170967  
0.01361799985 -0.3381769955 -0.9720600247  
0.04074800014 -0.3374199867 -0.9519420266  
0.06850100309 -0.3363020122 -0.9435790181  
0.0967990011 -0.3351559937 -0.9439780116  
0.1257530004 -0.3339430094 -0.9518129826  
0.1560309976 -0.332543999 -0.9705579877  
0.1875610054 -0.3309620023 -1.001520991  
0.2211460024 -0.3292160034 -1.061143041  
0.2647359967 -0.3261829913 -1.176280022  
0.2998250127 -0.3245489895 -1.23545897  
0.3304019868 -0.3233880103 -1.244423985  
0.3605270088 -0.322066009 -1.250301957  
0.3910489976 -0.3208360076 -1.257352948  
0.4219050109 -0.3195329905 -1.264835954  
0.4530110061 -0.3181990087 -1.274827957  
0.4846059978 -0.3168419898 -1.286517024  
0.5163580179 -0.3155150115 -1.298318982  
0.548165977 -0.314139992 -1.310536027  
0.5801420212 -0.3127390146 -1.325489998  
0.6131610274 -0.3111999929 -1.345132947  
0.6471930146 -0.3096329868 -1.370015979  
0.682931006 -0.3078919947 -1.403074026  
0.7201619744 -0.3060609996 -1.448917985  
40
-0.4644899964 -0.3827120066 -1.518005013  
-0.4345960021 -0.3817400038 -1.473252058  
-0.4049420059 -0.3808630109 -1.435750961  
-0.3753849864 -0.3797990084 -1.405230045  
-0.3456589878 -0.3787460029 -1.380604029  
-0.3162850142 -0.377696991 -1.361099005  
-0.2868129909 -0.3766799867 -1.344316959  
-0.2577449977 -0.3755609989 -1.330229998  
-0.2282789946 -0.3744789958 -1.318775058  
-0.1987989992 -0.3734120131 -1.310173988  
-0.1695419997 -0.3722479939 -1.304381013  
-0.1400219947 -0.3710750043 -1.299175978  
-0.1103769988 -0.3699199855 -1.287243009  
-0.08625300229 -0.3692150116 -1.206280947  
-0.06338299811 -0.369156003 -1.103831053  
-0.03677299991 -0.3682630062 -1.055987954  
-0.01072600018 -0.3674570024 -1.019083977  
0.01573700085 -0.3666320145 -0.986980021  
0.04254399985 -0.3656510115 -0.9639080167  
0.07003500313 -0.3645670116 -0.953387022  
0.09854800254 -0.3634800017 -0.9542030096  
0.1276649982 -0.3624089956 -0.9638320208  
0.1583530009 -0.3611010015 -0.9852929711  
0.1899770051 -0.3596560061 -1.016008973  
0.2217050046 -0.358352989 -1.051648974  
0.2605449855 -0.356013 -1.144062996  
0.3014160097 -0.3540399969 -1.236873031  
0.3309449852 -0.3528650105 -1.246896982  
0.3612810075 -0.3517349958 -1.249006033  
0.3913260102 -0.3506419957 -1.252974987  
0.4218299985 -0.3493979871 -1.258165956  
0.4527249932 -0.3480939865 -1.266428947  
0.4841920137 -0.3467980027 -1.277099967  
0.5159130096 -0.3455420136 -1.289157987  
0.5476189852 -0.344186008 -1.302746058  
0.5799630284 -0.3428710103 -1.319813013  
0.6136789918 -0.3414010108 -1.342301011  
0.6481739879 -0.3399069905 -1.370648026  
0.6840419769 -0.3383379877 -1.406731963  
0.7218779922 -0.3365600109 -1.456542969  
38
-0.4335420132 -0.4120410085 -1.479189038  
-0.4039030075 -0.4109990001 -1.436880946  
-0.3742850125 -0.4097900093 -1.404387951  
-0.3446989954 -0.4086250067 -1.379055023  
-0.3151749969 -0.4075100124 -1.359029055  
-0.2859070003 -0.4063049853 -1.342870951  
-0.2564750016 -0.4051859975 -1.330055952  
-0.2272289991 -0.404031992 -1.320925951  
-0.1979690045 -0.4028930068 -1.315472007  
-0.1682469994 -0.4017469883 -1.312322021  
-0.1385589987 -0.4005669951 -1.308447003  
-0.1093690023 -0.3994010091 -1.292968988  
-0.08522299677 -0.3989189863 -1.209103942  
-0.06066599861 -0.3982490003 -1.130702019  
-0.0331990011 -0.3970859945 -1.096709013  
-0.007654999848 -0.3958429992 -1.051591039  
0.01856699958 -0.3948870003 -1.012439966  
0.04473400116 -0.3939479887 -0.9838889837  
0.07194200158 -0.3928470016 -0.9724190235  
0.1008469984 -0.3917649984 -0.9732189775  
0.1301160008 -0.3904219866 -0.9867910147  
0.161868006 -0.3890880048 -1.021443963  
0.1951400042 -0.3881329894 -1.059082985  
0.225383997 -0.387127012 -1.079627037  
0.2593980134 -0.3856100142 -1.139282942  
0.3023670018 -0.3834969997 -1.237303972  
0.3324689865 -0.3823319972 -1.25345099  
0.3621180058 -0.3811840117 -1.252416968  
0.3920199871 -0.3799310029 -1.252789974  
0.4220319986 -0.378892988 -1.255867004  
0.4530630112 -0.3777639866 -1.262716055  
0.4839850068 -0.3765650094 -1.272515059  
0.5155529976 -0.3753750026 -1.284598947  
0.547837019 -0.3740819991 -1.299396038  
0.5800089836 -0.372837007 -1.317685008  
0.6137589812 -0.3714999855 -1.342085004  
0.6490949988 -0.3700549901 -1.374824047  
0.685690999 -0.3686049879 -1.415989995  
39
-0.4623819888 -0.4437769949 -1.544330001  
-0.4316700101 -0.4421739876 -1.48732698  
-0.4022699893 -0.4408999979 -1.440534949  
-0.3728959858 -0.4397409856 -1.407057047  
-0.3435690105 -0.438598007 -1.382087946  
-0.3144620061 -0.4374789894 -1.362599015  
-0.2848530114 -0.4364199936 -1.34731698  
-0.255091995 -0.4352830052 -1.335978985  
-0.2257809937 -0.4341340065 -1.328748941  
-0.1961310059 -0.4329850078 -1.325464964  
-0.1663679928 -0.4317960143 -1.322926998  
-0.1372960061 -0.4305419922 -1.315248966  
-0.1083799973 -0.4295260012 -1.298437953  
-0.08220600337 -0.4283440113 -1.240136027  
-0.05634599924 -0.4271169901 -1.181781054  
-0.02711899951 -0.4260669947 -1.16159296  
-0.001490000053 -0.4249239862 -1.119639993  
0.02270900086 -0.4235709906 -1.064723015  
0.04775299877 -0.4222199917 -1.018758059  
0.07598400116 -0.4212679863 -1.004832983  
0.1044059992 -0.4201189876 -1.008363962  
0.1361770034 -0.4193849862 -1.042706013  
0.1713619977 -0.4184179902 -1.095556974  
0.203839004 -0.4169330001 -1.126294017  
0.231227994 -0.4156390131 -1.129225016  
0.2648540139 -0.4147549868 -1.17523396  
0.3040890098 -0.4134370089 -1.248651981  
0.3344709873 -0.4122160077 -1.262444019  
0.3635799885 -0.4110679924 -1.260421991  
0.3934099972 -0.4098800123 -1.25830996  
0.4232980013 -0.4087449908 -1.25970304  
0.4537799954 -0.4074749947 -1.264894009  
0.484946996 -0.4062330127 -1.273756981  
0.516511023 -0.4050419927 -1.285935044  
0.5484499931 -0.4037820101 -1.301383018  
0.5812399983 -0.4025509953 -1.320531964  
0.6149700284 -0.401425004 -1.346647978  
0.6510289907 -0.4002220035 -1.384492993  
0.6889719963 -0.3988539875 -1.432152987  
38
-0.4609560072 -0.4742429852 -1.559363961  
-0.4308030009 -0.472826004 -1.499447942  
-0.4010339975 -0.4714460075 -1.449707031  
-0.3713440001 -0.4701269865 -1.414734006  
-0.3421309888 -0.468787998 -1.389525056  
-0.3129499853 -0.4675289989 -1.37026298  
-0.2833690047 -0.4662669897 -1.35582602  
-0.2540220022 -0.4650779963 -1.345716953  
-0.2244769931 -0.4639199972 -1.340262055  
-0.1946289986 -0.4626939893 -1.336588025  
-0.1652839929 -0.4614869952 -1.327859998  
-0.1365530044 -0.4602920115 -1.312289  
-0.1076150015 -0.4590730071 -1.293050051  
-0.07942900062 -0.458043009 -1.262509942  
-0.05230600014 -0.456580013 -1.225613952  
-0.02451300062 -0.4552020133 -1.198305964  
0.00231199991 -0.4540620148 -1.167284966  
0.02901599929 -0.4529129863 -1.126229048  
0.05434200168 -0.4513379931 -1.081647992  
0.08163300157 -0.4502499998 -1.065948963  
0.110322997 -0.4494009912 -1.07230103  
0.1440339983 -0.4483749866 -1.108181  
0.1754959971 -0.4469279945 -1.14132297  
0.2066580057 -0.4459069967 -1.163223982  
0.2373549938 -0.4450680017 -1.180233955  
0.2721239924 -0.4441410005 -1.22311604  
0.3050799966 -0.4430289865 -1.259248972  
0.33613801 -0.4419659972 -1.270001054  
0.3657799959 -0.4408220053 -1.271131992  
0.3952820003 -0.4396390021 -1.268260002  
0.4250339866 -0.4384759963 -1.268010974  
0.4553860128 -0.437371999 -1.272029042  
0.4862320125 -0.4362579882 -1.279922009  
0.5178949833 -0.4352479875 -1.292157054  
0.5500050187 -0.4341039956 -1.308457017  
0.5828250051 -0.4329459965 -1.328672051  
0.6171309948 -0.4316459894 -1.357005954  
0.6542130113 -0.4303170145 -1.399355054  
38
-0.4592919946 -0.5052419901 -1.572927952  
-0.4291369915 -0.5033500195 -1.510609984  
-0.3995270133 -0.501636982 -1.460157037  
-0.3705179989 -0.5001289845 -1.424944997  
-0.3409149945 -0.4986059964 -1.399719  
-0.3113560081 -0.4973480105 -1.380831003  
-0.2819510102 -0.4960379899 -1.367202044  
-0.2525469959 -0.4948250055 -1.357769966  
-0.2228820026 -0.4936479926 -1.351183057  
-0.1935520023 -0.4923979938 -1.340654969  
-0.1648609936 -0.491106987 -1.322128057  
-0.1360300034 -0.4897800088 -1.300598025  
-0.1070709974 -0.4883829951 -1.279917002  
-0.07882899791 -0.487116009 -1.257455945  
-0.0510680005 -0.4857169986 -1.230065942  
-0.02363499999 -0.4843699932 -1.199897051  
0.003142999951 -0.4830130041 -1.172479033  
0.03115499951 -0.4818049967 -1.152505994  
0.05948799849 -0.4807179868 -1.137567043  
0.08785299957 -0.4795970023 -1.128720045  
0.1167239994 -0.4783940017 -1.126924992  
0.1465989947 -0.4771510065 -1.137585044  
0.1770730019 -0.4762279987 -1.155202985  
0.2094340026 -0.4754720032 -1.182850003  
0.2419130057 -0.474555999 -1.212015033  
0.273954004 -0.4734649956 -1.238865972  
0.3054330051 -0.4725129902 -1.257665992  
0.3367680013 -0.471487999 -1.271649003  
0.3676609993 -0.4704360068 -1.279991031  
0.3971579969 -0.4692369998 -1.27995801  
0.4268169999 -0.4681589901 -1.278489947  
0.4570519924 -0.4670389891 -1.281478047  
0.487729013 -0.4659099877 -1.288748026  
0.5196899772 -0.4648529887 -1.300750971  
0.5517479777 -0.463831991 -1.318068027  
0.5850499868 -0.4628899992 -1.340710998  
0.6197810173 -0.4619599879 -1.372603059  
0.6570820212 -0.4610889852 -1.418674946  
38
-0.4578180015 -0.5357120037 -1.586205006  
-0.4280369878 -0.533814013 -1.522312045  
-0.3985300064 -0.5318059921 -1.472620964  
-0.3689019978 -0.53026402 -1.437898993  
-0.3393479884 -0.5287520289 -1.412786007  
-0.3101899922 -0.5273929834 -1.394222975  
-0.2805509865 -0.5260050297 -1.38084197  
-0.2509790063 -0.5247370005 -1.369312048  
-0.2217209935 -0.5233510137 -1.354472995  
-0.1929800063 -0.521961987 -1.33328104  
-0.1642650068 -0.5204960108 -1.309319019  
-0.1357000023 -0.5190969706 -1.286334991  
-0.1072600037 -0.5177170038 -1.264835  
-0.07917500287 -0.5163170099 -1.241446018  
-0.05122400075 -0.5147910118 -1.214203954  
-0.02365799993 -0.5134509802 -1.18801105  
0.003969999962 -0.5120720267 -1.167654037  
0.03220300004 -0.51088202 -1.157317042  
0.06116700172 -0.5098850131 -1.155630946  
0.09020800143 -0.5086730123 -1.151744962  
0.1184159964 -0.5074260235 -1.143054962  
0.1475879997 -0.5063459873 -1.143659949  
0.178222999 -0.5053579807 -1.157266974  
0.210078001 -0.5045179725 -1.18224299  
0.2420150042 -0.5036069751 -1.208698034  
0.2737790048 -0.5028120279 -1.231163025  
0.3056710064 -0.5018640161 -1.249886036  
0.3368679881 -0.5009080172 -1.267068028  
0.3687770069 -0.5000039935 -1.28292501  
0.3994620144 -0.4990389943 -1.291087031  
0.4288069904 -0.4979169965 -1.291893959  
0.4589569867 -0.4968090057 -1.294016957  
0.4902459979 -0.4957120121 -1.301012993  
0.5217769742 -0.4947099984 -1.312651992  
0.5540879965 -0.4937239885 -1.330178022  
0.587602973 -0.4927949905 -1.354593039  
0.6228839755 -0.4919709861 -1.390300035  
0.6607139707 -0.4914039969 -1.440062046  
38
-0.4565930068 -0.5665519834 -1.601644039  
-0.4268119931 -0.5642790198 -1.535475016  
-0.3974049985 -0.5621960163 -1.486300945  
-0.3675250113 -0.5604339838 -1.451164007  
-0.3377850056 -0.5588099957 -1.426036  
-0.3085080087 -0.5573480129 -1.407793999  
-0.2792409956 -0.5560039878 -1.392155051  
-0.249770999 -0.5544940233 -1.372176051  
-0.2208089978 -0.5529659986 -1.347643018  
-0.1922200024 -0.5515220165 -1.321784973  
-0.1637180001 -0.5499470234 -1.296762943  
-0.1352780014 -0.548502028 -1.273169041  
-0.1071280017 -0.5469880104 -1.250522971  
-0.07918100059 -0.545503974 -1.226248026  
-0.05151199922 -0.5440049767 -1.201375008  
-0.02376100048 -0.5424979925 -1.179965973  
0.004377000034 -0.5411610007 -1.165488958  
0.03328099847 -0.5399969816 -1.160982966  
0.06248699874 -0.5389149785 -1.163061023  
0.09153699875 -0.5377770066 -1.159945011  
0.1195119992 -0.5365049839 -1.149031997  
0.1483460069 -0.5353620052 -1.14565599  
0.1783600003 -0.5344070196 -1.155711055  
0.2098390013 -0.5336369872 -1.176085949  
0.2414589971 -0.5329009891 -1.199154019  
0.2731019855 -0.5320860147 -1.221500993  
0.3050889969 -0.5312780142 -1.241655946  
0.3362520039 -0.530502975 -1.260524035  
0.3687160015 -0.5295259953 -1.280081987  
0.4004909992 -0.5287179947 -1.296713948  
0.4310480058 -0.527741015 -1.305382967  
0.4614959955 -0.5266140103 -1.309555054  
0.4926669896 -0.5256040096 -1.316288948  
0.5239009857 -0.5246459842 -1.327301979  
0.5564169884 -0.5237510204 -1.344676971  
0.5903090239 -0.5229939818 -1.370610952  
0.6264950037 -0.5223839879 -1.410159945  
0.6651269794 -0.5219029784 -1.462659955  
38
-0.4555119872 -0.5975610018 -1.618584037  
-0.4254600108 -0.5947039723 -1.548642039  
-0.3953660131 -0.5925639868 -1.498399973  
-0.3661980033 -0.5907679796 -1.463518023  
-0.3366839886 -0.5892000198 -1.438629985  
-0.3074739873 -0.5876709819 -1.418745995  
-0.2779110074 -0.5859760046 -1.394472957  
-0.2490359992 -0.5841869712 -1.364984989  
-0.2202810049 -0.5824480057 -1.336645961  
-0.1912370026 -0.5808359981 -1.310881019  
-0.163635999 -0.579005003 -1.285835028  
-0.1353989989 -0.5775780082 -1.261605978  
-0.1068919972 -0.5760189891 -1.238587976  
-0.07905100286 -0.5743200183 -1.215564013  
-0.05136900023 -0.5728710294 -1.193266034  
-0.02329800092 -0.571385026 -1.175251007  
0.005311000161 -0.5700399876 -1.165423989  
0.03439199924 -0.5690479875 -1.165547967  
0.06376300007 -0.5680670142 -1.169260025  
0.09294500202 -0.5668500066 -1.165403008  
0.1207770035 -0.565523982 -1.153795004  
0.1490540057 -0.564324975 -1.147426009  
0.1790889949 -0.5633929968 -1.154538035  
0.2099220008 -0.5626249909 -1.171838045  
0.2413499951 -0.5619130135 -1.191877007  
0.2726710141 -0.5612239838 -1.212484956  
0.3042599857 -0.5605840087 -1.233175039  
0.3356870115 -0.5598750114 -1.253579021  
0.3683030009 -0.5591139793 -1.274364948  
0.4007570148 -0.5584170222 -1.295107961  
0.432987988 -0.5576940179 -1.313444972  
0.4643520117 -0.5568150282 -1.32566905  
0.4958789945 -0.5557749867 -1.334684014  
0.5271869898 -0.5548729897 -1.345518947  
0.5592830181 -0.5539519787 -1.362365007  
0.5934479833 -0.5531949997 -1.389619946  
0.6295710206 -0.5528140068 -1.430637956  
0.6685649753 -0.5525410175 -1.484688997  
38
-0.4538179934 -0.6287149787 -1.634966969  
-0.4239970148 -0.6256070137 -1.562140942  
-0.3940550089 -0.622977972 -1.508674979  
-0.3648979962 -0.6209589839 -1.472831011  
-0.3358559906 -0.6192860007 -1.447291017  
-0.3058570027 -0.6174539924 -1.421537995  
-0.2771080136 -0.6154940128 -1.388735056  
-0.2485080063 -0.613617003 -1.356178045  
-0.2196400017 -0.611725986 -1.328930974  
-0.1907059997 -0.6100180149 -1.304916024  
-0.1627500057 -0.6083610058 -1.280050039  
-0.1348499954 -0.6066120267 -1.254590988  
-0.1067899987 -0.6049100161 -1.231026053  
-0.07860600203 -0.6032339931 -1.209488034  
-0.0509239994 -0.601631999 -1.189494967  
-0.0226189997 -0.6001999974 -1.173372984  
0.006091000047 -0.5988630056 -1.165042043  
0.03499799967 -0.5978720188 -1.166445017  
0.06475900114 -0.5970069766 -1.170434952  
0.0939650014 -0.5957599878 -1.165941954  
0.1217319965 -0.5943800211 -1.154775977  
0.1501259953 -0.5931460261 -1.148839951  
0.1795540005 -0.5922020078 -1.154430032  
0.2104440033 -0.5916050076 -1.169654965  
0.2415059954 -0.5908709764 -1.187360048  
0.2724399865 -0.590256989 -1.206511021  
0.3042699993 -0.5896520019 -1.226889968  
0.3356299996 -0.5890110135 -1.247653961  
0.3684189916 -0.5883859992 -1.269333005  
0.4004920125 -0.5877680182 -1.291077018  
0.4331940114 -0.5871880054 -1.313866019  
0.4663940072 -0.5866749883 -1.335268021  
0.4984140098 -0.5859190226 -1.350965023  
0.5299990177 -0.5849429965 -1.36382103  
0.5623970032 -0.5842850208 -1.38104701  
0.5967440009 -0.5837770104 -1.409952998  
0.6329860091 -0.5835160017 -1.452057004  
0.6720420122 -0.5834320188 -1.508291006  
38
-0.452636987 -0.6598430276 -1.647505999  
-0.4224799871 -0.6561579704 -1.574188948  
-0.3929030001 -0.6532779932 -1.517384052  
-0.3637669981 -0.6511330009 -1.479563951  
-0.3343220055 -0.6492310166 -1.451272964  
-0.3049589992 -0.6470220089 -1.418820977  
-0.2767440081 -0.6449660063 -1.383919001  
-0.2477930039 -0.6430040002 -1.353199005  
-0.2186720073 -0.641125977 -1.329141974  
-0.1900119931 -0.6392679811 -1.306437016  
-0.1616719961 -0.6374160051 -1.280596018  
-0.1338209957 -0.6355779767 -1.254263043  
-0.105798997 -0.6338300109 -1.230741024  
-0.07769799978 -0.6322569847 -1.210762024  
-0.04981299862 -0.6308349967 -1.193197966  
-0.02187000029 -0.6292949915 -1.177346945  
0.00684100017 -0.6279000044 -1.166262031  
0.03557199985 -0.626734972 -1.162485957  
0.0646540001 -0.6256440282 -1.162642002  
0.09330400079 -0.6245219707 -1.158406973  
0.1218570024 -0.6231899858 -1.151316047  
0.1506049931 -0.6221119761 -1.150199056  
0.1804080009 -0.6212649941 -1.156901956  
0.2108860016 -0.6204569936 -1.169414043  
0.241899997 -0.6197670102 -1.185191989  
0.2727229893 -0.6191869974 -1.204360962  
0.3047710061 -0.6187340021 -1.225399971  
0.3361780047 -0.6181309819 -1.246369958  
0.368802011 -0.6177600026 -1.268054962  
0.4007270038 -0.6172549725 -1.289033055  
0.4332520068 -0.6166960001 -1.312383056  
0.4668389857 -0.6163579822 -1.338714004  
0.4999479949 -0.6159120202 -1.361588001  
0.5322459936 -0.6153129935 -1.379711986  
0.5652920008 -0.6146330237 -1.398723006  
0.5999299884 -0.6142669916 -1.430168033  
0.6373149753 -0.6143580079 -1.475218058  
0.6768950224 -0.6146759987 -1.535752058  
38
-0.4510889947 -0.6905760169 -1.656702995  
-0.4211190045 -0.6869469881 -1.585216045  
-0.3917909861 -0.6835839748 -1.524649024  
-0.362518996 -0.6811460257 -1.483865976  
-0.3331429958 -0.6789730191 -1.45165801  
-0.3036809862 -0.6765599847 -1.416278005  
-0.2750929892 -0.674364984 -1.384611964  
-0.2465970069 -0.6725490093 -1.359375954  
-0.2178439945 -0.6708319783 -1.340512037  
-0.188846007 -0.6690340042 -1.320026994  
-0.1603469998 -0.6672049761 -1.292358994  
-0.1321689934 -0.6653349996 -1.266226053  
-0.1037579998 -0.663507998 -1.244333982  
-0.07605700195 -0.6618769765 -1.224997044  
-0.04807899892 -0.6602010131 -1.207033992  
-0.01995700039 -0.6585950255 -1.190168023  
0.008369999938 -0.6569949985 -1.176169991  
0.03636100143 -0.6556199789 -1.165925026  
0.06465599686 -0.654245019 -1.159733057  
0.09360200167 -0.6530929804 -1.156416059  
0.1227390021 -0.6521239877 -1.155694008  
0.1521349996 -0.6513050199 -1.158776045  
0.1817419976 -0.6504290104 -1.166607022  
0.2121479958 -0.6496930122 -1.177459955  
0.2426110059 -0.6490479708 -1.190927029  
0.2733620107 -0.6486210227 -1.208796978  
0.3053959906 -0.6481279731 -1.230878949  
0.3377540112 -0.6477980018 -1.253219008  
0.3694519997 -0.6472070217 -1.273128033  
0.4013859928 -0.6465139985 -1.291406035  
0.4339889884 -0.6460970044 -1.313665032  
0.4679630101 -0.6459869742 -1.34167099  
0.5010439754 -0.6457149982 -1.368253946  
0.534660995 -0.6453970075 -1.392449021  
0.5674589872 -0.6449390054 -1.414896011  
0.6033210158 -0.6449249983 -1.450660944  
0.6406059861 -0.6453009844 -1.498906016  
0.6817579865 -0.6459410191 -1.564331055  
38
-0.4503290057 -0.7211930156 -1.665791035  
-0.419934988 -0.7174410224 -1.595360994  
-0.3903299868 -0.7138460279 -1.531378984  
-0.3611530066 -0.7111979723 -1.487802029  
-0.332100004 -0.7090899944 -1.45402205  
-0.3027949929 -0.7067369819 -1.420425057  
-0.2739529908 -0.7046530247 -1.394497037  
-0.2448029965 -0.7028869987 -1.376294017  
-0.2155130059 -0.7013249993 -1.363777041  
-0.1861370057 -0.6998190284 -1.349007964  
-0.1577520072 -0.6976739764 -1.321336031  
-0.1296949983 -0.6954460144 -1.292855978  
-0.1015300006 -0.6935719848 -1.270352006  
-0.07380200177 -0.6918690205 -1.250450969  
-0.04512599856 -0.6901530027 -1.231449008  
-0.01759300008 -0.6883069873 -1.213479042  
0.01068899967 -0.6866670251 -1.19937098  
0.03915299848 -0.6850479841 -1.188248992  
0.06724099815 -0.6837440133 -1.179748058  
0.09588299692 -0.6825550199 -1.174810052  
0.1251180023 -0.681434989 -1.174551964  
0.154012993 -0.6804659963 -1.177903056  
0.1843139976 -0.6797659993 -1.186339974  
0.2142809927 -0.6789849997 -1.196889043  
0.2444929928 -0.6783540249 -1.209092021  
0.2758069932 -0.6778050065 -1.22468698  
0.3074609935 -0.6775720119 -1.245861053  
0.3396700025 -0.6774410009 -1.26987195  
0.3716210127 -0.6771190166 -1.288478971  
0.4026460052 -0.6765390038 -1.302827954  
0.4350480139 -0.6761190295 -1.321831942  
0.4688310027 -0.6759729981 -1.347916961  
0.5021229982 -0.6756560206 -1.375216007  
0.5364080071 -0.6754789948 -1.403179049  
0.5697489977 -0.6751459837 -1.429759979  
0.6066359878 -0.6754540205 -1.470476985  
0.6440140009 -0.6760690212 -1.521906018  
0.6861450076 -0.6774590015 -1.591104984  
37
-0.4488259852 -0.7521510124 -1.674862981  
-0.4190450013 -0.7483789921 -1.606269002  
-0.3890489936 -0.7443929911 -1.539837003  
-0.3602209985 -0.7412970066 -1.49276495  
-0.3314889967 -0.7388399839 -1.458832979  
-0.301827997 -0.7364360094 -1.428871036  
-0.2725079954 -0.7345749736 -1.408334017  
-0.243118003 -0.7329970002 -1.394580007  
-0.2136809975 -0.731580019 -1.384770989  
-0.1842299998 -0.7300890088 -1.371737957  
-0.1560250074 -0.7279760242 -1.343916059  
-0.1281120032 -0.725308001 -1.309497952  
-0.1004600003 -0.7230370045 -1.281391978  
-0.07221399993 -0.7210900187 -1.259428024  
-0.04402700067 -0.719325006 -1.242333055  
-0.01574699953 -0.7179549932 -1.230260015  
0.01289100014 -0.7166140079 -1.221550941  
0.04190300032 -0.7152789831 -1.21517396  
0.07113199681 -0.7140910029 -1.209743977  
0.09946499765 -0.7127509713 -1.204707026  
0.1285309941 -0.7116969824 -1.204447031  
0.157859996 -0.7108590007 -1.208937049  
0.1882500052 -0.7102230191 -1.218585968  
0.219077006 -0.7097420096 -1.231238961  
0.2492419928 -0.7090960145 -1.245527983  
0.2801229954 -0.7083320022 -1.26078105  
0.3117539883 -0.707810998 -1.279106021  
0.3442620039 -0.7077640295 -1.300850987  
0.3749800026 -0.7074000239 -1.314545035  
0.4059189856 -0.7066349983 -1.32338798  
0.4372889996 -0.7060829997 -1.337393045  
0.470167011 -0.7058209777 -1.358147025  
0.5035600066 -0.7057409883 -1.38388598  
0.538187027 -0.7059260011 -1.414175987  
0.5725640059 -0.7059029937 -1.446239948  
0.610574007 -0.7064700127 -1.492385983  
0.6486740112 -0.7072139978 -1.545928955  
35
-0.4176119864 -0.7790949941 -1.618204951  
-0.3878610134 -0.774616003 -1.551766992  
-0.3590950072 -0.7713440061 -1.501052976  
-0.32980901 -0.7688180208 -1.465984941  
-0.3005169928 -0.7665249705 -1.439247966  
-0.270945996 -0.7645450234 -1.420820951  
-0.2417400032 -0.7629169822 -1.40634203  
-0.2124650031 -0.7612180114 -1.391067028  
-0.1837899983 -0.7589219809 -1.368160963  
-0.1559740007 -0.7563419938 -1.335245013  
-0.1277509928 -0.7536420226 -1.300333023  
-0.1001050025 -0.7513219714 -1.270678043  
-0.07230799645 -0.7492390275 -1.247231007  
-0.0156469997 -0.745980978 -1.220257998  
0.01288700011 -0.7447159886 -1.215301991  
0.04196000099 -0.7435259819 -1.212558985  
0.07116299868 -0.7424939871 -1.21083796  
0.1002819985 -0.7413579822 -1.20945406  
0.1292060018 -0.7404689789 -1.210682988  
0.1585910022 -0.7396529913 -1.215962052  
0.188846007 -0.7390819788 -1.226889014  
0.2199580073 -0.7388359904 -1.243801951  
0.252485007 -0.7391129732 -1.267935038  
0.285454005 -0.7394850254 -1.296617031  
0.3179320097 -0.7395740151 -1.322432995  
0.3499209881 -0.7392249703 -1.340247989  
0.3792090118 -0.7379400134 -1.344339967  
0.4091019928 -0.7369890213 -1.347350955  
0.4403080046 -0.736371994 -1.356536031  
0.4722070098 -0.7359110117 -1.371510983  
0.5049740076 -0.7357079983 -1.394245028  
0.5397769809 -0.735976994 -1.425511003  
0.5746930242 -0.7363280058 -1.463129997  
0.6133649945 -0.7375789881 -1.514760017  
0.6518309712 -0.738740027 -1.570773005  
36
-0.416215986 -0.809943974 -1.630962968  
-0.3868710101 -0.8055899739 -1.567127943  
-0.357434988 -0.8016800284 -1.513597965  
-0.3281300068 -0.7987989783 -1.476878047  
-0.2989729941 -0.7964419723 -1.450409055  
-0.2695789933 -0.7945280075 -1.431352973  
-0.2407480031 -0.7925639749 -1.413841009  
-0.2119760066 -0.7905830145 -1.393728971  
-0.1831769943 -0.7881990075 -1.366477966  
-0.1553779989 -0.7853379846 -1.331313014  
-0.1274210066 -0.7825930119 -1.296167016  
-0.09980200231 -0.780057013 -1.266039014  
-0.07203800231 -0.7778999805 -1.242301941  
-0.04424700141 -0.7760969996 -1.224848986  
-0.01574900001 -0.7745699883 -1.21439302  
0.01290700026 -0.7733089924 -1.209463954  
0.04207300022 -0.7721890211 -1.207155943  
0.07093700022 -0.7710840106 -1.205376029  
0.09984699637 -0.769963026 -1.203343987  
0.1291590035 -0.7689219713 -1.203605056  
0.1582269967 -0.7680670023 -1.207489967  
0.188556999 -0.7674210072 -1.217615008  
0.2193540037 -0.7672650218 -1.235237002  
0.2520470023 -0.7673760056 -1.261821985  
0.2849839926 -0.7679299712 -1.296144962  
0.3180449903 -0.7685160041 -1.330716968  
0.3512650132 -0.7688869834 -1.354992986  
0.3817639947 -0.7680630088 -1.361940026  
0.4116219878 -0.767162025 -1.365741014  
0.4425359964 -0.7664710283 -1.37340498  
0.4741399884 -0.7659500241 -1.385385036  
0.5067219734 -0.7657650113 -1.406664968  
0.5418630242 -0.7662670016 -1.439537048  
0.5775520205 -0.7671459913 -1.483129978  
0.6168450117 -0.7688590288 -1.53836  
0.6554570198 -0.7702029943 -1.596892953  
36
-0.4154019952 -0.840692997 -1.644845009  
-0.3850669861 -0.8361120224 -1.582919002  
-0.3559019864 -0.8321340084 -1.529414058  
-0.3269569874 -0.8291710019 -1.491794944  
-0.297634989 -0.8267679811 -1.463933945  
-0.2684080005 -0.8245549798 -1.442077994  
-0.2391670048 -0.8224390149 -1.421311975  
-0.2109799981 -0.820243001 -1.399456024  
-0.1819799989 -0.8178039789 -1.373213053  
-0.1537699997 -0.8151059747 -1.341249943  
-0.1259520054 -0.8120530248 -1.30657804  
-0.09837800264 -0.809145987 -1.275082946  
-0.07116899639 -0.8068580031 -1.250375032  
-0.0430140011 -0.8049740195 -1.23249495  
-0.01431600004 -0.8033189774 -1.220811009  
0.01439699996 -0.8020039797 -1.214364052  
0.04305399954 -0.8008570075 -1.210950017  
0.07215099782 -0.7997499704 -1.208641052  
0.1010340005 -0.7985399961 -1.206035018  
0.1297709942 -0.7975599766 -1.205600977  
0.1590829939 -0.7967110276 -1.208996058  
0.1891109943 -0.7961159945 -1.218073964  
0.2198709995 -0.7958649993 -1.234905958  
0.2518529892 -0.7961120009 -1.261013031  
0.2845979929 -0.7969509959 -1.29568994  
0.3191460073 -0.7981439829 -1.333361983  
0.3519630134 -0.798345983 -1.359891057  
0.3829259872 -0.7978320122 -1.371772051  
0.4134109914 -0.7971699834 -1.37954402  
0.444539994 -0.7965790033 -1.388213038  
0.4762000144 -0.7960540056 -1.400171995  
0.5090519786 -0.7959759831 -1.422029018  
0.5440829992 -0.7967290282 -1.457483053  
0.5815399885 -0.7982739806 -1.507357955  
0.6206870079 -0.8000779748 -1.563848972  
0.6597740054 -0.8018649817 -1.626050949  
35
-0.41396299 -0.8715869784 -1.661339045  
-0.3838399947 -0.867298007 -1.601937056  
-0.3542270064 -0.8630279899 -1.549204946  
-0.3252789974 -0.8597409725 -1.509075999  
-0.295942992 -0.856983006 -1.478541017  
-0.2669839859 -0.8545529842 -1.454187036  
-0.2382459939 -0.8521649837 -1.430945992  
-0.2094399929 -0.8498139977 -1.407976985  
-0.1807560027 -0.8473799825 -1.383401036  
-0.1525000036 -0.8448439837 -1.355942011  
-0.1244969964 -0.8421390057 -1.326292038  
-0.09660500288 -0.8395360112 -1.29853797  
-0.06932800263 -0.836969018 -1.275215983  
-0.0410999991 -0.8347229958 -1.256772041  
-0.01270799991 -0.8327059746 -1.243877053  
0.01593000069 -0.8310769796 -1.235494971  
0.04473700002 -0.8297489882 -1.230007052  
0.07359799743 -0.8285229802 -1.226395965  
0.1024710014 -0.8273299932 -1.223317981  
0.130772993 -0.8263540268 -1.221822023  
0.1610510051 -0.8256940246 -1.225268006  
0.1908700019 -0.8253539801 -1.234684944  
0.2213589996 -0.8254560232 -1.251755953  
0.2538819909 -0.826044023 -1.278643966  
0.2871110141 -0.8270469904 -1.312494993  
0.3208619952 -0.8279160261 -1.345432043  
0.3530809879 -0.8281210065 -1.368227959  
0.384288013 -0.8278809786 -1.382706046  
0.4155830145 -0.8274239898 -1.394088984  
0.4467650056 -0.8268510103 -1.404314995  
0.4783959985 -0.8265659809 -1.418544054  
0.5120760202 -0.8268110156 -1.443282962  
0.5468469858 -0.8277649879 -1.481729984  
0.5857959986 -0.8296939731 -1.535086036  
0.6243889928 -0.8316659927 -1.591815948  
34
-0.3824140131 -0.8985249996 -1.624349952  
-0.3531140089 -0.8941709995 -1.571998954  
-0.3236660063 -0.8904219866 -1.527727008  
-0.2945750058 -0.8871909976 -1.49338901  
-0.2655879855 -0.8846240044 -1.46728003  
-0.2367440015 -0.8821830153 -1.443707943  
-0.2081770003 -0.8796629906 -1.419556022  
-0.1792259961 -0.8771950006 -1.395797014  
-0.1508270055 -0.8746420145 -1.371415973  
-0.122642003 -0.8721550107 -1.346758008  
-0.09446500242 -0.8697810173 -1.324514031  
-0.0660040006 -0.8679249883 -1.307417989  
-0.03768499941 -0.8663660288 -1.295369029  
-0.008729999885 -0.8650180101 -1.28757298  
0.02040700056 -0.8637830019 -1.282798052  
0.04927499965 -0.8624269962 -1.278172016  
0.07826499641 -0.8610500097 -1.273619056  
0.1072039977 -0.8596820235 -1.269256949  
0.1357440054 -0.8582620025 -1.26465404  
0.1651690006 -0.857122004 -1.264199972  
0.1948219985 -0.8564010262 -1.269832969  
0.2253129929 -0.8560109735 -1.28321898  
0.2572540045 -0.8564869761 -1.30677104  
0.2898310125 -0.8573110104 -1.33493197  
0.3220100105 -0.857648015 -1.35948205  
0.3538399935 -0.8577569723 -1.378612995  
0.3856059909 -0.8576999903 -1.394433022  
0.4174380004 -0.8574669957 -1.408331037  
0.4488919973 -0.857123971 -1.421450019  
0.4812990129 -0.8570410013 -1.439597964  
0.5153989792 -0.857739985 -1.469030976  
0.5510969758 -0.8592389822 -1.511597991  
0.5897589922 -0.8614929914 -1.565569043  
0.6285240054 -0.8634870052 -1.62389195  
33
-0.3812020123 -0.9298629761 -1.649369001  
-0.3515050113 -0.9254900217 -1.596727967  
-0.3220080137 -0.9213020205 -1.549289942  
-0.2934300005 -0.917757988 -1.510923028  
-0.2641940117 -0.914888978 -1.482277989  
-0.2356490046 -0.9121249914 -1.457278967  
-0.2066870034 -0.9092839956 -1.432348967  
-0.1778250039 -0.9067239761 -1.408501983  
-0.149458006 -0.9041510224 -1.385208011  
-0.121280998 -0.9017019868 -1.363132  
-0.0926489979 -0.8994969726 -1.344218969  
-0.06408599764 -0.8976989985 -1.330826044  
-0.03525400162 -0.8963059783 -1.323101997  
-0.006022999994 -0.8951990008 -1.319272995  
0.0233570002 -0.8942009807 -1.317883968  
0.05291699991 -0.8930760026 -1.316102028  
0.08165299892 -0.8919090033 -1.313624024  
0.111051999 -0.890681982 -1.310881019  
0.1400370002 -0.8893899918 -1.307232976  
0.1692039967 -0.8882300258 -1.305220008  
0.1986300051 -0.8872950077 -1.307391047  
0.229136005 -0.8868409991 -1.316741943  
0.2605189979 -0.8869230151 -1.334715009  
0.2922199965 -0.8874260187 -1.356538057  
0.3241460025 -0.8876060247 -1.375656009  
0.3558759987 -0.8876860142 -1.392174006  
0.387443006 -0.8876349926 -1.407737017  
0.4191330075 -0.8876069784 -1.422817945  
0.4511780143 -0.8876029849 -1.439898968  
0.4843110144 -0.8879619837 -1.463153958  
0.5189399719 -0.888997972 -1.496914983  
0.5560709834 -0.8909100294 -1.543609023  
0.5947099924 -0.8932539821 -1.598482013  
32
-0.349458009 -0.9569650292 -1.623507977  
-0.3203229904 -0.9523410201 -1.573706031  
-0.2918309867 -0.9480010271 -1.530274034  
-0.263417989 -0.9447370172 -1.497158051  
-0.2341880053 -0.9419450164 -1.470242977  
-0.2049950063 -0.9395939708 -1.445207953  
-0.1765359938 -0.9370669723 -1.420629978  
-0.1482360065 -0.9345939755 -1.396710992  
-0.1197410002 -0.9321609735 -1.375344038  
-0.09106200188 -0.929971993 -1.357241035  
-0.06270100176 -0.928022027 -1.343374968  
-0.03392000124 -0.9263399839 -1.333649039  
-0.004865999799 -0.9248139858 -1.32683599  
0.02426099963 -0.92355299 -1.322940946  
0.05332100019 -0.9225010276 -1.321249962  
0.08267100155 -0.9216009974 -1.322028041  
0.1125420034 -0.9208700061 -1.324928045  
0.1422690004 -0.9200429916 -1.327505946  
0.1716849953 -0.9192249775 -1.330427051  
0.2014040053 -0.9185109735 -1.334908009  
0.2319470048 -0.9179909825 -1.343340993  
0.2629480064 -0.917847991 -1.35769403  
0.2947660089 -0.9177020192 -1.375430942  
0.3261219859 -0.9175940156 -1.39181304  
0.357603997 -0.9173830152 -1.406833053  
0.3890039921 -0.917312026 -1.422184944  
0.4211759865 -0.9174190164 -1.439062953  
0.4539879858 -0.9179400206 -1.460451007  
0.488056004 -0.9190329909 -1.489971042  
0.5232459903 -0.9205650091 -1.529121041  
0.5613849759 -0.9229469895 -1.577947974  
0.5992659926 -0.9254199862 -1.633515  
30
-0.3189989924 -0.9840720296 -1.601415038  
-0.2903510034 -0.9797099829 -1.552621961  
-0.2616159916 -0.9759140015 -1.513422012  
-0.2327989936 -0.9727259874 -1.483183026  
-0.2040749937 -0.9694550037 -1.454326987  
-0.1756550074 -0.9663220048 -1.426550984  
-0.1472219974 -0.9634109735 -1.401056051  
-0.1188829988 -0.9606829882 -1.378103018  
-0.09082700312 -0.958302021 -1.358873963  
-0.06231800094 -0.9561359882 -1.343276978  
-0.03378200158 -0.9542019963 -1.330371022  
-0.005036000162 -0.9525619745 -1.320793033  
0.02407599986 -0.9510650039 -1.314705014  
0.05302999914 -0.9498580098 -1.311769962  
0.08227899671 -0.9490780234 -1.313428998  
0.1120489985 -0.9486399889 -1.319890022  
0.1425269991 -0.948202014 -1.328740001  
0.1726839989 -0.9479780197 -1.337988019  
0.202978 -0.9476299882 -1.346886039  
0.2333589941 -0.9474419951 -1.357548952  
0.2644610107 -0.9473969936 -1.371670961  
0.2963849902 -0.9478889704 -1.389495015  
0.3276709914 -0.9482089877 -1.406885982  
0.3595229983 -0.9484429955 -1.423400044  
0.3911460042 -0.948611021 -1.440233946  
0.4234879911 -0.9488229752 -1.459854007  
0.4566729963 -0.9492160082 -1.485460043  
0.4924420118 -0.9504039884 -1.521052003  
0.5286089778 -0.9524899721 -1.564363956  
0.5657560229 -0.9550349712 -1.613229036  
28
-0.2891350091 -1.010450006 -1.575960994  
-0.260394007 -1.005553007 -1.52720499  
-0.2317329943 -1.001921058 -1.491155028  
-0.2031619996 -0.9983289838 -1.457955003  
-0.1749330014 -0.9948980212 -1.426874995  
-0.1466989964 -0.9919099808 -1.399580002  
-0.1186230034 -0.9888979793 -1.374621034  
-0.09039899707 -0.9863380194 -1.354012012  
-0.06206699833 -0.9841690063 -1.337432027  
-0.03357699886 -0.9821289778 -1.323708057  
-0.005078999791 -0.9803349972 -1.313956022  
0.0237150006 -0.9789869785 -1.307767987  
0.0528290011 -0.9776710272 -1.304177046  
0.08184699714 -0.9767100215 -1.30479002  
0.1118490025 -0.9762899876 -1.311159968  
0.1420940012 -0.9761170149 -1.321619034  
0.1724559963 -0.9760670066 -1.333696961  
0.2030500025 -0.9760730267 -1.346084952  
0.2340250015 -0.9761350155 -1.360049009  
0.2652730048 -0.97636199 -1.376394033  
0.2971949875 -0.9769150019 -1.396111012  
0.3289319873 -0.9774389863 -1.416095018  
0.3607560098 -0.9778590202 -1.435775042  
0.3934470117 -0.978515029 -1.457231998  
0.426564008 -0.9794409871 -1.48259306  
0.4605979919 -0.9808599949 -1.515125036  
0.4967390001 -0.9833629727 -1.557096004  
0.5334200263 -0.9855840206 -1.602599025  
27
-0.2869069874 -1.041918039 -1.604078054  
-0.2585130036 -1.035748959 -1.543812037  
-0.2309010029 -1.031353951 -1.498744965  
-0.2021780014 -1.027250051 -1.460675955  
-0.1740999967 -1.023604989 -1.427063942  
-0.1461859941 -1.020197034 -1.397336006  
-0.1182470024 -1.017102957 -1.371621013  
-0.08996099979 -1.014405966 -1.350535035  
-0.06167700142 -1.01214397 -1.334084988  
-0.03317699954 -1.010169983 -1.321516991  
-0.004534000065 -1.008473039 -1.312304974  
0.02415799908 -1.007058978 -1.306100965  
0.05283100158 -1.005733967 -1.30232203  
0.08189900219 -1.004704952 -1.301826  
0.1116449982 -1.004104972 -1.306678057  
0.1418009996 -1.003970027 -1.316434979  
0.1719900072 -1.004006028 -1.328554034  
0.202797994 -1.004091978 -1.341894984  
0.2335799932 -1.00434196 -1.357293963  
0.2652890086 -1.004873037 -1.376423955  
0.2974509895 -1.00575304 -1.399096012  
0.3295780122 -1.006705999 -1.422693014  
0.3621329963 -1.007658005 -1.447072029  
0.3953430057 -1.008733034 -1.473842978  
0.4293150008 -1.01016295 -1.505843043  
0.4645769894 -1.012403965 -1.546627998  
0.5014320016 -1.015331984 -1.593868017  
25
-0.2571409941 -1.067018986 -1.570602059  
-0.2293660045 -1.061280012 -1.512590051  
-0.2010720074 -1.056460977 -1.46755302  
-0.1731929928 -1.052404046 -1.430256963  
-0.1452780068 -1.048900962 -1.399188042  
-0.1174089983 -1.045760036 -1.373674035  
-0.0892810002 -1.043128967 -1.353216052  
-0.06084800139 -1.04084003 -1.337087989  
-0.03250100091 -1.038772941 -1.324934959  
-0.003928999882 -1.037099957 -1.315839052  
0.02479300089 -1.035554051 -1.309288025  
0.05367200077 -1.034347057 -1.306038976  
0.08255899698 -1.033352971 -1.305269957  
0.1121290028 -1.032644033 -1.308804035  
0.1422719955 -1.032516003 -1.317585945  
0.172123 -1.032466054 -1.328642011  
0.2029470056 -1.032513976 -1.341153979  
0.2337539941 -1.032765985 -1.356910944  
0.2654469907 -1.033589005 -1.377933025  
0.2976920009 -1.034625053 -1.40260601  
0.3304280043 -1.035915971 -1.429610968  
0.3631010056 -1.037390947 -1.459077001  
0.3973439932 -1.039106011 -1.492269993  
0.4322710037 -1.041494966 -1.533496976  
0.4693929851 -1.044795036 -1.583021998  
23
-0.2278320044 -1.09225297 -1.537976027  
-0.200176999 -1.086402059 -1.481866002  
-0.1721920073 -1.081586003 -1.438825965  
-0.1441189945 -1.07782805 -1.406474948  
-0.1162910014 -1.074633002 -1.380880952  
-0.08799599856 -1.071961999 -1.361035943  
-0.05999299884 -1.069529057 -1.344972014  
-0.03183000162 -1.067510009 -1.332790971  
-0.003137999913 -1.065840006 -1.323837042  
0.02528399974 -1.064277053 -1.317299008  
0.0545619987 -1.063060999 -1.314188957  
0.08363500237 -1.061967015 -1.313029051  
0.112823002 -1.061185002 -1.315281987  
0.1425500065 -1.06091404 -1.322479963  
0.1727149934 -1.060899973 -1.332752943  
0.2030809969 -1.061051965 -1.345103979  
0.2340449989 -1.061509967 -1.361660004  
0.2659620047 -1.062546968 -1.383571029  
0.2981719971 -1.063902974 -1.409384966  
0.3315100074 -1.065521002 -1.439739943  
0.3649330139 -1.067615032 -1.47517395  
0.399661988 -1.069882989 -1.516901016  
0.4365549982 -1.07368505 -1.569663048  
21
-0.1979690045 -1.116860032 -1.498782992  
-0.1710159928 -1.111469984 -1.455623031  
-0.1434189975 -1.107362986 -1.420940042  
-0.1147110015 -1.103970051 -1.394665003  
-0.08688200265 -1.101235032 -1.374526978  
-0.05844499916 -1.098806977 -1.358821034  
-0.03020199947 -1.096737027 -1.34652102  
-0.001782999956 -1.094923973 -1.33713603  
0.02685699984 -1.093454957 -1.330634952  
0.05582600087 -1.092146993 -1.327232957  
0.08492500335 -1.091287017 -1.326537013  
0.1138029993 -1.090350032 -1.328215003  
0.143663004 -1.090042949 -1.334236026  
0.1738689989 -1.089941025 -1.34384203  
0.2041690052 -1.09020102 -1.356215954  
0.2348739952 -1.090774059 -1.372781992  
0.2665520012 -1.09168303 -1.394076943  
0.2989299893 -1.09304297 -1.420146942  
0.332987994 -1.09531796 -1.454697013  
0.3674139977 -1.098247051 -1.499472976  
0.4042739868 -1.10254705 -1.557188988  
18
-0.141415 -1.137694955 -1.444476962  
-0.1136249974 -1.134161949 -1.417243958  
-0.08557499945 -1.131255984 -1.396213055  
-0.05697499961 -1.128754973 -1.380105972  
-0.02847499959 -1.12658298 -1.367308974  
-0.0001889999985 -1.124726057 -1.357813001  
0.02843900025 -1.123121023 -1.350994945  
0.05747999996 -1.121762991 -1.34702301  
0.08675000072 -1.120782971 -1.346250057  
0.1157130003 -1.120071054 -1.348438025  
0.1451950073 -1.119704008 -1.354081988  
0.1754799932 -1.119734049 -1.362990022  
0.2061239928 -1.119914055 -1.374961972  
0.237232998 -1.120576024 -1.391906977  
0.2688060105 -1.121737957 -1.413355947  
0.3008480072 -1.123162985 -1.440456033  
0.3352450132 -1.126003981 -1.482205033  
0.3718349934 -1.13065505 -1.544031024  
15
-0.1109739989 -1.165609002 -1.450535059  
-0.08291900158 -1.162467957 -1.430348992  
-0.05442399904 -1.159775972 -1.413087964  
-0.02597800083 -1.157425046 -1.398856997  
0.00240899995 -1.155758023 -1.389711022  
0.03105000034 -1.154189944 -1.383234978  
0.05976999924 -1.152822971 -1.378944039  
0.08917900175 -1.151725054 -1.377887011  
0.1184919998 -1.151025057 -1.380252957  
0.1486310065 -1.150652051 -1.384904981  
0.1782290041 -1.15031302 -1.391986966  
0.2088660002 -1.150570989 -1.403553009  
0.2401240021 -1.151306987 -1.42068398  
0.2714940012 -1.152582049 -1.442896008  
0.3044919968 -1.154670954 -1.478847027  
11
-0.02243700065 -1.190456033 -1.445184946  
0.006188999861 -1.188519955 -1.436478019  
0.03456300125 -1.186911941 -1.43039  
0.06360299885 -1.185394049 -1.425650001  
0.09337200224 -1.184453011 -1.424478054  
0.123037003 -1.183789968 -1.425446033  
0.1520600021 -1.183030009 -1.427431941  
0.181528002 -1.182672977 -1.432062984  
0.2128230035 -1.183035016 -1.442549944  
0.2439810038 -1.183755994 -1.459455967  
0.2756330073 -1.184442997 -1.48656404  
